1->2
	10.0Gbps;0.5;1.0;0.04
	20.0Gbps;0.5;1.0;0.04
	40.0Gbps;0.5;1.0;0.04
	80.0Gbps;0.5;1.0;0.04
	160.0Gbps;0.5;1.0;0.04
	320.0Gbps;0.5;1.0;0.04
1->3
	10.0Gbps;0.5;1.0;0.04
	20.0Gbps;0.5;1.0;0.04
	40.0Gbps;0.5;1.0;0.04
	80.0Gbps;0.5;1.0;0.04
	160.0Gbps;0.5;1.0;0.04
	320.0Gbps;0.5;1.0;0.04
1->4
	10.0Gbps;0.5;1.0;0.04
	20.0Gbps;0.5;1.0;0.04
	40.0Gbps;0.5;1.0;0.04
	80.0Gbps;0.5;1.0;0.04
	160.0Gbps;0.5;1.0;0.04
	320.0Gbps;0.5;1.0;0.04
1->5
	10.0Gbps;0.5;1.0;0.04
	20.0Gbps;0.5;1.0;0.04
	40.0Gbps;0.5;1.0;0.04
	80.0Gbps;0.5;1.0;0.04
	160.0Gbps;0.5;1.0;0.04
	320.0Gbps;0.5;1.0;0.04
1->6
	10.0Gbps;0.5;1.0;0.04
	20.0Gbps;0.5;1.0;0.04
	40.0Gbps;0.5;1.0;0.04
	80.0Gbps;0.5;1.0;0.04
	160.0Gbps;0.5;1.0;0.04
	320.0Gbps;0.5;1.0;0.04
1->7
	10.0Gbps;0.5;1.0;0.04
	20.0Gbps;0.5;1.0;0.04
	40.0Gbps;0.5;1.0;0.04
	80.0Gbps;0.5;1.0;0.04
	160.0Gbps;0.5;1.0;0.04
	320.0Gbps;0.5;1.0;0.04
1->8
	10.0Gbps;0.5;1.0;0.04
	20.0Gbps;0.5;1.0;0.04
	40.0Gbps;0.5;1.0;0.04
	80.0Gbps;0.5;1.0;0.04
	160.0Gbps;0.5;1.0;0.04
	320.0Gbps;0.5;1.0;0.04
1->9
	10.0Gbps;0.5;1.0;0.04
	20.0Gbps;0.5;1.0;0.04
	40.0Gbps;0.5;1.0;0.04
	80.0Gbps;0.5;1.0;0.04
	160.0Gbps;0.5;1.0;0.04
	320.0Gbps;0.5;1.0;0.04
1->10
	10.0Gbps;0.5;1.0;0.04
	20.0Gbps;0.5;1.0;0.04
	40.0Gbps;0.5;1.0;0.04
	80.0Gbps;0.5;1.0;0.04
	160.0Gbps;0.5;1.0;0.04
	320.0Gbps;0.5;1.0;0.04
1->11
	10.0Gbps;0.5;1.0;0.04
	20.0Gbps;0.5;1.0;0.04
	40.0Gbps;0.5;1.0;0.04
	80.0Gbps;0.5;1.0;0.04
	160.0Gbps;0.5;1.0;0.04
	320.0Gbps;0.5;1.0;0.04
1->12
	10.0Gbps;0.5;1.0;0.04
	20.0Gbps;0.5;1.0;0.04
	40.0Gbps;0.5;1.0;0.04
	80.0Gbps;0.5;1.0;0.04
	160.0Gbps;0.5;1.0;0.04
	320.0Gbps;0.5;1.0;0.04
1->13
	10.0Gbps;0.5;1.0;0.04
	20.0Gbps;0.5;1.0;0.04
	40.0Gbps;0.5;1.0;0.04
	80.0Gbps;0.5;1.0;0.04
	160.0Gbps;0.5;1.0;0.04
	320.0Gbps;0.5;1.0;0.04
1->14
	10.0Gbps;0.5;1.0;0.04
	20.0Gbps;0.5;1.0;0.04
	40.0Gbps;0.5;1.0;0.04
	80.0Gbps;0.5;1.0;0.04
	160.0Gbps;0.5;1.0;0.04
	320.0Gbps;0.5;1.0;0.04
2->1
	10.0Gbps;0.5;1.0;0.04
	20.0Gbps;0.5;1.0;0.04
	40.0Gbps;0.5;1.0;0.04
	80.0Gbps;0.5;1.0;0.04
	160.0Gbps;0.5;1.0;0.04
	320.0Gbps;0.5;1.0;0.04
2->3
	10.0Gbps;0.5;1.0;0.04
	20.0Gbps;0.5;1.0;0.04
	40.0Gbps;0.5;1.0;0.04
	80.0Gbps;0.5;1.0;0.04
	160.0Gbps;0.5;1.0;0.04
	320.0Gbps;0.5;1.0;0.04
2->4
	10.0Gbps;0.5;1.0;0.04
	20.0Gbps;0.5;1.0;0.04
	40.0Gbps;0.5;1.0;0.04
	80.0Gbps;0.5;1.0;0.04
	160.0Gbps;0.5;1.0;0.04
	320.0Gbps;0.5;1.0;0.04
2->5
	10.0Gbps;0.5;1.0;0.04
	20.0Gbps;0.5;1.0;0.04
	40.0Gbps;0.5;1.0;0.04
	80.0Gbps;0.5;1.0;0.04
	160.0Gbps;0.5;1.0;0.04
	320.0Gbps;0.5;1.0;0.04
2->6
	10.0Gbps;0.5;1.0;0.04
	20.0Gbps;0.5;1.0;0.04
	40.0Gbps;0.5;1.0;0.04
	80.0Gbps;0.5;1.0;0.04
	160.0Gbps;0.5;1.0;0.04
	320.0Gbps;0.5;1.0;0.04
2->7
	10.0Gbps;0.5;1.0;0.04
	20.0Gbps;0.5;1.0;0.04
	40.0Gbps;0.5;1.0;0.04
	80.0Gbps;0.5;1.0;0.04
	160.0Gbps;0.5;1.0;0.04
	320.0Gbps;0.5;1.0;0.04
2->8
	10.0Gbps;0.5;1.0;0.04
	20.0Gbps;0.5;1.0;0.04
	40.0Gbps;0.5;1.0;0.04
	80.0Gbps;0.5;1.0;0.04
	160.0Gbps;0.5;1.0;0.04
	320.0Gbps;0.5;1.0;0.04
2->9
	10.0Gbps;0.5;1.0;0.04
	20.0Gbps;0.5;1.0;0.04
	40.0Gbps;0.5;1.0;0.04
	80.0Gbps;0.5;1.0;0.04
	160.0Gbps;0.5;1.0;0.04
	320.0Gbps;0.5;1.0;0.04
2->10
	10.0Gbps;0.5;1.0;0.04
	20.0Gbps;0.5;1.0;0.04
	40.0Gbps;0.5;1.0;0.04
	80.0Gbps;0.5;1.0;0.04
	160.0Gbps;0.5;1.0;0.04
	320.0Gbps;0.5;1.0;0.04
2->11
	10.0Gbps;0.5;1.0;0.04
	20.0Gbps;0.5;1.0;0.04
	40.0Gbps;0.5;1.0;0.04
	80.0Gbps;0.5;1.0;0.04
	160.0Gbps;0.5;1.0;0.04
	320.0Gbps;0.5;1.0;0.04
2->12
	10.0Gbps;0.5;1.0;0.04
	20.0Gbps;0.5;1.0;0.04
	40.0Gbps;0.5;1.0;0.04
	80.0Gbps;0.5;1.0;0.04
	160.0Gbps;0.5;1.0;0.04
	320.0Gbps;0.5;1.0;0.04
2->13
	10.0Gbps;0.5;1.0;0.04
	20.0Gbps;0.5;1.0;0.04
	40.0Gbps;0.5;1.0;0.04
	80.0Gbps;0.5;1.0;0.04
	160.0Gbps;0.5;1.0;0.04
	320.0Gbps;0.5;1.0;0.04
2->14
	10.0Gbps;0.5;1.0;0.04
	20.0Gbps;0.5;1.0;0.04
	40.0Gbps;0.5;1.0;0.04
	80.0Gbps;0.5;1.0;0.04
	160.0Gbps;0.5;1.0;0.04
	320.0Gbps;0.5;1.0;0.04
3->1
	10.0Gbps;0.5;1.0;0.04
	20.0Gbps;0.5;1.0;0.04
	40.0Gbps;0.5;1.0;0.04
	80.0Gbps;0.5;1.0;0.04
	160.0Gbps;0.5;1.0;0.04
	320.0Gbps;0.5;1.0;0.04
3->2
	10.0Gbps;0.5;1.0;0.04
	20.0Gbps;0.5;1.0;0.04
	40.0Gbps;0.5;1.0;0.04
	80.0Gbps;0.5;1.0;0.04
	160.0Gbps;0.5;1.0;0.04
	320.0Gbps;0.5;1.0;0.04
3->4
	10.0Gbps;0.5;1.0;0.04
	20.0Gbps;0.5;1.0;0.04
	40.0Gbps;0.5;1.0;0.04
	80.0Gbps;0.5;1.0;0.04
	160.0Gbps;0.5;1.0;0.04
	320.0Gbps;0.5;1.0;0.04
3->5
	10.0Gbps;0.5;1.0;0.04
	20.0Gbps;0.5;1.0;0.04
	40.0Gbps;0.5;1.0;0.04
	80.0Gbps;0.5;1.0;0.04
	160.0Gbps;0.5;1.0;0.04
	320.0Gbps;0.5;1.0;0.04
3->6
	10.0Gbps;0.5;1.0;0.04
	20.0Gbps;0.5;1.0;0.04
	40.0Gbps;0.5;1.0;0.04
	80.0Gbps;0.5;1.0;0.04
	160.0Gbps;0.5;1.0;0.04
	320.0Gbps;0.5;1.0;0.04
3->7
	10.0Gbps;0.5;1.0;0.04
	20.0Gbps;0.5;1.0;0.04
	40.0Gbps;0.5;1.0;0.04
	80.0Gbps;0.5;1.0;0.04
	160.0Gbps;0.5;1.0;0.04
	320.0Gbps;0.5;1.0;0.04
3->8
	10.0Gbps;0.5;1.0;0.04
	20.0Gbps;0.5;1.0;0.04
	40.0Gbps;0.5;1.0;0.04
	80.0Gbps;0.5;1.0;0.04
	160.0Gbps;0.5;1.0;0.04
	320.0Gbps;0.5;1.0;0.04
3->9
	10.0Gbps;0.5;1.0;0.04
	20.0Gbps;0.5;1.0;0.04
	40.0Gbps;0.5;1.0;0.04
	80.0Gbps;0.5;1.0;0.04
	160.0Gbps;0.5;1.0;0.04
	320.0Gbps;0.5;1.0;0.04
3->10
	10.0Gbps;0.5;1.0;0.04
	20.0Gbps;0.5;1.0;0.04
	40.0Gbps;0.5;1.0;0.04
	80.0Gbps;0.5;1.0;0.04
	160.0Gbps;0.5;1.0;0.04
	320.0Gbps;0.5;1.0;0.04
3->11
	10.0Gbps;0.5;1.0;0.04
	20.0Gbps;0.5;1.0;0.04
	40.0Gbps;0.5;1.0;0.04
	80.0Gbps;0.5;1.0;0.04
	160.0Gbps;0.5;1.0;0.04
	320.0Gbps;0.5;1.0;0.04
3->12
	10.0Gbps;0.5;1.0;0.04
	20.0Gbps;0.5;1.0;0.04
	40.0Gbps;0.5;1.0;0.04
	80.0Gbps;0.5;1.0;0.04
	160.0Gbps;0.5;1.0;0.04
	320.0Gbps;0.5;1.0;0.04
3->13
	10.0Gbps;0.5;1.0;0.04
	20.0Gbps;0.5;1.0;0.04
	40.0Gbps;0.5;1.0;0.04
	80.0Gbps;0.5;1.0;0.04
	160.0Gbps;0.5;1.0;0.04
	320.0Gbps;0.5;1.0;0.04
3->14
	10.0Gbps;0.5;1.0;0.04
	20.0Gbps;0.5;1.0;0.04
	40.0Gbps;0.5;1.0;0.04
	80.0Gbps;0.5;1.0;0.04
	160.0Gbps;0.5;1.0;0.04
	320.0Gbps;0.5;1.0;0.04
4->1
	10.0Gbps;0.5;1.0;0.04
	20.0Gbps;0.5;1.0;0.04
	40.0Gbps;0.5;1.0;0.04
	80.0Gbps;0.5;1.0;0.04
	160.0Gbps;0.5;1.0;0.04
	320.0Gbps;0.5;1.0;0.04
4->2
	10.0Gbps;0.5;1.0;0.04
	20.0Gbps;0.5;1.0;0.04
	40.0Gbps;0.5;1.0;0.04
	80.0Gbps;0.5;1.0;0.04
	160.0Gbps;0.5;1.0;0.04
	320.0Gbps;0.5;1.0;0.04
4->3
	10.0Gbps;0.5;1.0;0.04
	20.0Gbps;0.5;1.0;0.04
	40.0Gbps;0.5;1.0;0.04
	80.0Gbps;0.5;1.0;0.04
	160.0Gbps;0.5;1.0;0.04
	320.0Gbps;0.5;1.0;0.04
4->5
	10.0Gbps;0.5;1.0;0.04
	20.0Gbps;0.5;1.0;0.04
	40.0Gbps;0.5;1.0;0.04
	80.0Gbps;0.5;1.0;0.04
	160.0Gbps;0.5;1.0;0.04
	320.0Gbps;0.5;1.0;0.04
4->6
	10.0Gbps;0.5;1.0;0.04
	20.0Gbps;0.5;1.0;0.04
	40.0Gbps;0.5;1.0;0.04
	80.0Gbps;0.5;1.0;0.04
	160.0Gbps;0.5;1.0;0.04
	320.0Gbps;0.5;1.0;0.04
4->7
	10.0Gbps;0.5;1.0;0.04
	20.0Gbps;0.5;1.0;0.04
	40.0Gbps;0.5;1.0;0.04
	80.0Gbps;0.5;1.0;0.04
	160.0Gbps;0.5;1.0;0.04
	320.0Gbps;0.5;1.0;0.04
4->8
	10.0Gbps;0.5;1.0;0.04
	20.0Gbps;0.5;1.0;0.04
	40.0Gbps;0.5;1.0;0.04
	80.0Gbps;0.5;1.0;0.04
	160.0Gbps;0.5;1.0;0.04
	320.0Gbps;0.5;1.0;0.04
4->9
	10.0Gbps;0.5;1.0;0.04
	20.0Gbps;0.5;1.0;0.04
	40.0Gbps;0.5;1.0;0.04
	80.0Gbps;0.5;1.0;0.04
	160.0Gbps;0.5;1.0;0.04
	320.0Gbps;0.5;1.0;0.04
4->10
	10.0Gbps;0.5;1.0;0.04
	20.0Gbps;0.5;1.0;0.04
	40.0Gbps;0.5;1.0;0.04
	80.0Gbps;0.5;1.0;0.04
	160.0Gbps;0.5;1.0;0.04
	320.0Gbps;0.5;1.0;0.04
4->11
	10.0Gbps;0.5;1.0;0.04
	20.0Gbps;0.5;1.0;0.04
	40.0Gbps;0.5;1.0;0.04
	80.0Gbps;0.5;1.0;0.04
	160.0Gbps;0.5;1.0;0.04
	320.0Gbps;0.5;1.0;0.04
4->12
	10.0Gbps;0.5;1.0;0.04
	20.0Gbps;0.5;1.0;0.04
	40.0Gbps;0.5;1.0;0.04
	80.0Gbps;0.5;1.0;0.04
	160.0Gbps;0.5;1.0;0.04
	320.0Gbps;0.5;1.0;0.04
4->13
	10.0Gbps;0.5;1.0;0.04
	20.0Gbps;0.5;1.0;0.04
	40.0Gbps;0.5;1.0;0.04
	80.0Gbps;0.5;1.0;0.04
	160.0Gbps;0.5;1.0;0.04
	320.0Gbps;0.5;1.0;0.04
4->14
	10.0Gbps;0.5;1.0;0.04
	20.0Gbps;0.5;1.0;0.04
	40.0Gbps;0.5;1.0;0.04
	80.0Gbps;0.5;1.0;0.04
	160.0Gbps;0.5;1.0;0.04
	320.0Gbps;0.5;1.0;0.04
5->1
	10.0Gbps;0.5;1.0;0.04
	20.0Gbps;0.5;1.0;0.04
	40.0Gbps;0.5;1.0;0.04
	80.0Gbps;0.5;1.0;0.04
	160.0Gbps;0.5;1.0;0.04
	320.0Gbps;0.5;1.0;0.04
5->2
	10.0Gbps;0.5;1.0;0.04
	20.0Gbps;0.5;1.0;0.04
	40.0Gbps;0.5;1.0;0.04
	80.0Gbps;0.5;1.0;0.04
	160.0Gbps;0.5;1.0;0.04
	320.0Gbps;0.5;1.0;0.04
5->3
	10.0Gbps;0.5;1.0;0.04
	20.0Gbps;0.5;1.0;0.04
	40.0Gbps;0.5;1.0;0.04
	80.0Gbps;0.5;1.0;0.04
	160.0Gbps;0.5;1.0;0.04
	320.0Gbps;0.5;1.0;0.04
5->4
	10.0Gbps;0.5;1.0;0.04
	20.0Gbps;0.5;1.0;0.04
	40.0Gbps;0.5;1.0;0.04
	80.0Gbps;0.5;1.0;0.04
	160.0Gbps;0.5;1.0;0.04
	320.0Gbps;0.5;1.0;0.04
5->6
	10.0Gbps;0.5;1.0;0.04
	20.0Gbps;0.5;1.0;0.04
	40.0Gbps;0.5;1.0;0.04
	80.0Gbps;0.5;1.0;0.04
	160.0Gbps;0.5;1.0;0.04
	320.0Gbps;0.5;1.0;0.04
5->7
	10.0Gbps;0.5;1.0;0.04
	20.0Gbps;0.5;1.0;0.04
	40.0Gbps;0.5;1.0;0.04
	80.0Gbps;0.5;1.0;0.04
	160.0Gbps;0.5;1.0;0.04
	320.0Gbps;0.5;1.0;0.04
5->8
	10.0Gbps;0.5;1.0;0.04
	20.0Gbps;0.5;1.0;0.04
	40.0Gbps;0.5;1.0;0.04
	80.0Gbps;0.5;1.0;0.04
	160.0Gbps;0.5;1.0;0.04
	320.0Gbps;0.5;1.0;0.04
5->9
	10.0Gbps;0.5;1.0;0.04
	20.0Gbps;0.5;1.0;0.04
	40.0Gbps;0.5;1.0;0.04
	80.0Gbps;0.5;1.0;0.04
	160.0Gbps;0.5;1.0;0.04
	320.0Gbps;0.5;1.0;0.04
5->10
	10.0Gbps;0.5;1.0;0.04
	20.0Gbps;0.5;1.0;0.04
	40.0Gbps;0.5;1.0;0.04
	80.0Gbps;0.5;1.0;0.04
	160.0Gbps;0.5;1.0;0.04
	320.0Gbps;0.5;1.0;0.04
5->11
	10.0Gbps;0.5;1.0;0.04
	20.0Gbps;0.5;1.0;0.04
	40.0Gbps;0.5;1.0;0.04
	80.0Gbps;0.5;1.0;0.04
	160.0Gbps;0.5;1.0;0.04
	320.0Gbps;0.5;1.0;0.04
5->12
	10.0Gbps;0.5;1.0;0.04
	20.0Gbps;0.5;1.0;0.04
	40.0Gbps;0.5;1.0;0.04
	80.0Gbps;0.5;1.0;0.04
	160.0Gbps;0.5;1.0;0.04
	320.0Gbps;0.5;1.0;0.04
5->13
	10.0Gbps;0.5;1.0;0.04
	20.0Gbps;0.5;1.0;0.04
	40.0Gbps;0.5;1.0;0.04
	80.0Gbps;0.5;1.0;0.04
	160.0Gbps;0.5;1.0;0.04
	320.0Gbps;0.5;1.0;0.04
5->14
	10.0Gbps;0.5;1.0;0.04
	20.0Gbps;0.5;1.0;0.04
	40.0Gbps;0.5;1.0;0.04
	80.0Gbps;0.5;1.0;0.04
	160.0Gbps;0.5;1.0;0.04
	320.0Gbps;0.5;1.0;0.04
6->1
	10.0Gbps;0.5;1.0;0.04
	20.0Gbps;0.5;1.0;0.04
	40.0Gbps;0.5;1.0;0.04
	80.0Gbps;0.5;1.0;0.04
	160.0Gbps;0.5;1.0;0.04
	320.0Gbps;0.5;1.0;0.04
6->2
	10.0Gbps;0.5;1.0;0.04
	20.0Gbps;0.5;1.0;0.04
	40.0Gbps;0.5;1.0;0.04
	80.0Gbps;0.5;1.0;0.04
	160.0Gbps;0.5;1.0;0.04
	320.0Gbps;0.5;1.0;0.04
6->3
	10.0Gbps;0.5;1.0;0.04
	20.0Gbps;0.5;1.0;0.04
	40.0Gbps;0.5;1.0;0.04
	80.0Gbps;0.5;1.0;0.04
	160.0Gbps;0.5;1.0;0.04
	320.0Gbps;0.5;1.0;0.04
6->4
	10.0Gbps;0.5;1.0;0.04
	20.0Gbps;0.5;1.0;0.04
	40.0Gbps;0.5;1.0;0.04
	80.0Gbps;0.5;1.0;0.04
	160.0Gbps;0.5;1.0;0.04
	320.0Gbps;0.5;1.0;0.04
6->5
	10.0Gbps;0.5;1.0;0.04
	20.0Gbps;0.5;1.0;0.04
	40.0Gbps;0.5;1.0;0.04
	80.0Gbps;0.5;1.0;0.04
	160.0Gbps;0.5;1.0;0.04
	320.0Gbps;0.5;1.0;0.04
6->7
	10.0Gbps;0.5;1.0;0.04
	20.0Gbps;0.5;1.0;0.04
	40.0Gbps;0.5;1.0;0.04
	80.0Gbps;0.5;1.0;0.04
	160.0Gbps;0.5;1.0;0.04
	320.0Gbps;0.5;1.0;0.04
6->8
	10.0Gbps;0.5;1.0;0.04
	20.0Gbps;0.5;1.0;0.04
	40.0Gbps;0.5;1.0;0.04
	80.0Gbps;0.5;1.0;0.04
	160.0Gbps;0.5;1.0;0.04
	320.0Gbps;0.5;1.0;0.04
6->9
	10.0Gbps;0.5;1.0;0.04
	20.0Gbps;0.5;1.0;0.04
	40.0Gbps;0.5;1.0;0.04
	80.0Gbps;0.5;1.0;0.04
	160.0Gbps;0.5;1.0;0.04
	320.0Gbps;0.5;1.0;0.04
6->10
	10.0Gbps;0.5;1.0;0.04
	20.0Gbps;0.5;1.0;0.04
	40.0Gbps;0.5;1.0;0.04
	80.0Gbps;0.5;1.0;0.04
	160.0Gbps;0.5;1.0;0.04
	320.0Gbps;0.5;1.0;0.04
6->11
	10.0Gbps;0.5;1.0;0.04
	20.0Gbps;0.5;1.0;0.04
	40.0Gbps;0.5;1.0;0.04
	80.0Gbps;0.5;1.0;0.04
	160.0Gbps;0.5;1.0;0.04
	320.0Gbps;0.5;1.0;0.04
6->12
	10.0Gbps;0.5;1.0;0.04
	20.0Gbps;0.5;1.0;0.04
	40.0Gbps;0.5;1.0;0.04
	80.0Gbps;0.5;1.0;0.04
	160.0Gbps;0.5;1.0;0.04
	320.0Gbps;0.5;1.0;0.04
6->13
	10.0Gbps;0.5;1.0;0.04
	20.0Gbps;0.5;1.0;0.04
	40.0Gbps;0.5;1.0;0.04
	80.0Gbps;0.5;1.0;0.04
	160.0Gbps;0.5;1.0;0.04
	320.0Gbps;0.5;1.0;0.04
6->14
	10.0Gbps;0.5;1.0;0.04
	20.0Gbps;0.5;1.0;0.04
	40.0Gbps;0.5;1.0;0.04
	80.0Gbps;0.5;1.0;0.04
	160.0Gbps;0.5;1.0;0.04
	320.0Gbps;0.5;1.0;0.04
7->1
	10.0Gbps;0.5;1.0;0.04
	20.0Gbps;0.5;1.0;0.04
	40.0Gbps;0.5;1.0;0.04
	80.0Gbps;0.5;1.0;0.04
	160.0Gbps;0.5;1.0;0.04
	320.0Gbps;0.5;1.0;0.04
7->2
	10.0Gbps;0.5;1.0;0.04
	20.0Gbps;0.5;1.0;0.04
	40.0Gbps;0.5;1.0;0.04
	80.0Gbps;0.5;1.0;0.04
	160.0Gbps;0.5;1.0;0.04
	320.0Gbps;0.5;1.0;0.04
7->3
	10.0Gbps;0.5;1.0;0.04
	20.0Gbps;0.5;1.0;0.04
	40.0Gbps;0.5;1.0;0.04
	80.0Gbps;0.5;1.0;0.04
	160.0Gbps;0.5;1.0;0.04
	320.0Gbps;0.5;1.0;0.04
7->4
	10.0Gbps;0.5;1.0;0.04
	20.0Gbps;0.5;1.0;0.04
	40.0Gbps;0.5;1.0;0.04
	80.0Gbps;0.5;1.0;0.04
	160.0Gbps;0.5;1.0;0.04
	320.0Gbps;0.5;1.0;0.04
7->5
	10.0Gbps;0.5;1.0;0.04
	20.0Gbps;0.5;1.0;0.04
	40.0Gbps;0.5;1.0;0.04
	80.0Gbps;0.5;1.0;0.04
	160.0Gbps;0.5;1.0;0.04
	320.0Gbps;0.5;1.0;0.04
7->6
	10.0Gbps;0.5;1.0;0.04
	20.0Gbps;0.5;1.0;0.04
	40.0Gbps;0.5;1.0;0.04
	80.0Gbps;0.5;1.0;0.04
	160.0Gbps;0.5;1.0;0.04
	320.0Gbps;0.5;1.0;0.04
7->8
	10.0Gbps;0.5;1.0;0.04
	20.0Gbps;0.5;1.0;0.04
	40.0Gbps;0.5;1.0;0.04
	80.0Gbps;0.5;1.0;0.04
	160.0Gbps;0.5;1.0;0.04
	320.0Gbps;0.5;1.0;0.04
7->9
	10.0Gbps;0.5;1.0;0.04
	20.0Gbps;0.5;1.0;0.04
	40.0Gbps;0.5;1.0;0.04
	80.0Gbps;0.5;1.0;0.04
	160.0Gbps;0.5;1.0;0.04
	320.0Gbps;0.5;1.0;0.04
7->10
	10.0Gbps;0.5;1.0;0.04
	20.0Gbps;0.5;1.0;0.04
	40.0Gbps;0.5;1.0;0.04
	80.0Gbps;0.5;1.0;0.04
	160.0Gbps;0.5;1.0;0.04
	320.0Gbps;0.5;1.0;0.04
7->11
	10.0Gbps;0.5;1.0;0.04
	20.0Gbps;0.5;1.0;0.04
	40.0Gbps;0.5;1.0;0.04
	80.0Gbps;0.5;1.0;0.04
	160.0Gbps;0.5;1.0;0.04
	320.0Gbps;0.5;1.0;0.04
7->12
	10.0Gbps;0.5;1.0;0.04
	20.0Gbps;0.5;1.0;0.04
	40.0Gbps;0.5;1.0;0.04
	80.0Gbps;0.5;1.0;0.04
	160.0Gbps;0.5;1.0;0.04
	320.0Gbps;0.5;1.0;0.04
7->13
	10.0Gbps;0.5;1.0;0.04
	20.0Gbps;0.5;1.0;0.04
	40.0Gbps;0.5;1.0;0.04
	80.0Gbps;0.5;1.0;0.04
	160.0Gbps;0.5;1.0;0.04
	320.0Gbps;0.5;1.0;0.04
7->14
	10.0Gbps;0.5;1.0;0.04
	20.0Gbps;0.5;1.0;0.04
	40.0Gbps;0.5;1.0;0.04
	80.0Gbps;0.5;1.0;0.04
	160.0Gbps;0.5;1.0;0.04
	320.0Gbps;0.5;1.0;0.04
8->1
	10.0Gbps;0.5;1.0;0.04
	20.0Gbps;0.5;1.0;0.04
	40.0Gbps;0.5;1.0;0.04
	80.0Gbps;0.5;1.0;0.04
	160.0Gbps;0.5;1.0;0.04
	320.0Gbps;0.5;1.0;0.04
8->2
	10.0Gbps;0.5;1.0;0.04
	20.0Gbps;0.5;1.0;0.04
	40.0Gbps;0.5;1.0;0.04
	80.0Gbps;0.5;1.0;0.04
	160.0Gbps;0.5;1.0;0.04
	320.0Gbps;0.5;1.0;0.04
8->3
	10.0Gbps;0.5;1.0;0.04
	20.0Gbps;0.5;1.0;0.04
	40.0Gbps;0.5;1.0;0.04
	80.0Gbps;0.5;1.0;0.04
	160.0Gbps;0.5;1.0;0.04
	320.0Gbps;0.5;1.0;0.04
8->4
	10.0Gbps;0.5;1.0;0.04
	20.0Gbps;0.5;1.0;0.04
	40.0Gbps;0.5;1.0;0.04
	80.0Gbps;0.5;1.0;0.04
	160.0Gbps;0.5;1.0;0.04
	320.0Gbps;0.5;1.0;0.04
8->5
	10.0Gbps;0.5;1.0;0.04
	20.0Gbps;0.5;1.0;0.04
	40.0Gbps;0.5;1.0;0.04
	80.0Gbps;0.5;1.0;0.04
	160.0Gbps;0.5;1.0;0.04
	320.0Gbps;0.5;1.0;0.04
8->6
	10.0Gbps;0.5;1.0;0.04
	20.0Gbps;0.5;1.0;0.04
	40.0Gbps;0.5;1.0;0.04
	80.0Gbps;0.5;1.0;0.04
	160.0Gbps;0.5;1.0;0.04
	320.0Gbps;0.5;1.0;0.04
8->7
	10.0Gbps;0.5;1.0;0.04
	20.0Gbps;0.5;1.0;0.04
	40.0Gbps;0.5;1.0;0.04
	80.0Gbps;0.5;1.0;0.04
	160.0Gbps;0.5;1.0;0.04
	320.0Gbps;0.5;1.0;0.04
8->9
	10.0Gbps;0.5;1.0;0.04
	20.0Gbps;0.5;1.0;0.04
	40.0Gbps;0.5;1.0;0.04
	80.0Gbps;0.5;1.0;0.04
	160.0Gbps;0.5;1.0;0.04
	320.0Gbps;0.5;1.0;0.04
8->10
	10.0Gbps;0.5;1.0;0.04
	20.0Gbps;0.5;1.0;0.04
	40.0Gbps;0.5;1.0;0.04
	80.0Gbps;0.5;1.0;0.04
	160.0Gbps;0.5;1.0;0.04
	320.0Gbps;0.5;1.0;0.04
8->11
	10.0Gbps;0.5;1.0;0.04
	20.0Gbps;0.5;1.0;0.04
	40.0Gbps;0.5;1.0;0.04
	80.0Gbps;0.5;1.0;0.04
	160.0Gbps;0.5;1.0;0.04
	320.0Gbps;0.5;1.0;0.04
8->12
	10.0Gbps;0.5;1.0;0.04
	20.0Gbps;0.5;1.0;0.04
	40.0Gbps;0.5;1.0;0.04
	80.0Gbps;0.5;1.0;0.04
	160.0Gbps;0.5;1.0;0.04
	320.0Gbps;0.5;1.0;0.04
8->13
	10.0Gbps;0.5;1.0;0.04
	20.0Gbps;0.5;1.0;0.04
	40.0Gbps;0.5;1.0;0.04
	80.0Gbps;0.5;1.0;0.04
	160.0Gbps;0.5;1.0;0.04
	320.0Gbps;0.5;1.0;0.04
8->14
	10.0Gbps;0.5;1.0;0.04
	20.0Gbps;0.5;1.0;0.04
	40.0Gbps;0.5;1.0;0.04
	80.0Gbps;0.5;1.0;0.04
	160.0Gbps;0.5;1.0;0.04
	320.0Gbps;0.5;1.0;0.04
9->1
	10.0Gbps;0.5;1.0;0.04
	20.0Gbps;0.5;1.0;0.04
	40.0Gbps;0.5;1.0;0.04
	80.0Gbps;0.5;1.0;0.04
	160.0Gbps;0.5;1.0;0.04
	320.0Gbps;0.5;1.0;0.04
9->2
	10.0Gbps;0.5;1.0;0.04
	20.0Gbps;0.5;1.0;0.04
	40.0Gbps;0.5;1.0;0.04
	80.0Gbps;0.5;1.0;0.04
	160.0Gbps;0.5;1.0;0.04
	320.0Gbps;0.5;1.0;0.04
9->3
	10.0Gbps;0.5;1.0;0.04
	20.0Gbps;0.5;1.0;0.04
	40.0Gbps;0.5;1.0;0.04
	80.0Gbps;0.5;1.0;0.04
	160.0Gbps;0.5;1.0;0.04
	320.0Gbps;0.5;1.0;0.04
9->4
	10.0Gbps;0.5;1.0;0.04
	20.0Gbps;0.5;1.0;0.04
	40.0Gbps;0.5;1.0;0.04
	80.0Gbps;0.5;1.0;0.04
	160.0Gbps;0.5;1.0;0.04
	320.0Gbps;0.5;1.0;0.04
9->5
	10.0Gbps;0.5;1.0;0.04
	20.0Gbps;0.5;1.0;0.04
	40.0Gbps;0.5;1.0;0.04
	80.0Gbps;0.5;1.0;0.04
	160.0Gbps;0.5;1.0;0.04
	320.0Gbps;0.5;1.0;0.04
9->6
	10.0Gbps;0.5;1.0;0.04
	20.0Gbps;0.5;1.0;0.04
	40.0Gbps;0.5;1.0;0.04
	80.0Gbps;0.5;1.0;0.04
	160.0Gbps;0.5;1.0;0.04
	320.0Gbps;0.5;1.0;0.04
9->7
	10.0Gbps;0.5;1.0;0.04
	20.0Gbps;0.5;1.0;0.04
	40.0Gbps;0.5;1.0;0.04
	80.0Gbps;0.5;1.0;0.04
	160.0Gbps;0.5;1.0;0.04
	320.0Gbps;0.5;1.0;0.04
9->8
	10.0Gbps;0.5;1.0;0.04
	20.0Gbps;0.5;1.0;0.04
	40.0Gbps;0.5;1.0;0.04
	80.0Gbps;0.5;1.0;0.04
	160.0Gbps;0.5;1.0;0.04
	320.0Gbps;0.5;1.0;0.04
9->10
	10.0Gbps;0.5;1.0;0.04
	20.0Gbps;0.5;1.0;0.04
	40.0Gbps;0.5;1.0;0.04
	80.0Gbps;0.5;1.0;0.04
	160.0Gbps;0.5;1.0;0.04
	320.0Gbps;0.5;1.0;0.04
9->11
	10.0Gbps;0.5;1.0;0.04
	20.0Gbps;0.5;1.0;0.04
	40.0Gbps;0.5;1.0;0.04
	80.0Gbps;0.5;1.0;0.04
	160.0Gbps;0.5;1.0;0.04
	320.0Gbps;0.5;1.0;0.04
9->12
	10.0Gbps;0.5;1.0;0.04
	20.0Gbps;0.5;1.0;0.04
	40.0Gbps;0.5;1.0;0.04
	80.0Gbps;0.5;1.0;0.04
	160.0Gbps;0.5;1.0;0.04
	320.0Gbps;0.5;1.0;0.04
9->13
	10.0Gbps;0.5;1.0;0.04
	20.0Gbps;0.5;1.0;0.04
	40.0Gbps;0.5;1.0;0.04
	80.0Gbps;0.5;1.0;0.04
	160.0Gbps;0.5;1.0;0.04
	320.0Gbps;0.5;1.0;0.04
9->14
	10.0Gbps;0.5;1.0;0.04
	20.0Gbps;0.5;1.0;0.04
	40.0Gbps;0.5;1.0;0.04
	80.0Gbps;0.5;1.0;0.04
	160.0Gbps;0.5;1.0;0.04
	320.0Gbps;0.5;1.0;0.04
10->1
	10.0Gbps;0.5;1.0;0.04
	20.0Gbps;0.5;1.0;0.04
	40.0Gbps;0.5;1.0;0.04
	80.0Gbps;0.5;1.0;0.04
	160.0Gbps;0.5;1.0;0.04
	320.0Gbps;0.5;1.0;0.04
10->2
	10.0Gbps;0.5;1.0;0.04
	20.0Gbps;0.5;1.0;0.04
	40.0Gbps;0.5;1.0;0.04
	80.0Gbps;0.5;1.0;0.04
	160.0Gbps;0.5;1.0;0.04
	320.0Gbps;0.5;1.0;0.04
10->3
	10.0Gbps;0.5;1.0;0.04
	20.0Gbps;0.5;1.0;0.04
	40.0Gbps;0.5;1.0;0.04
	80.0Gbps;0.5;1.0;0.04
	160.0Gbps;0.5;1.0;0.04
	320.0Gbps;0.5;1.0;0.04
10->4
	10.0Gbps;0.5;1.0;0.04
	20.0Gbps;0.5;1.0;0.04
	40.0Gbps;0.5;1.0;0.04
	80.0Gbps;0.5;1.0;0.04
	160.0Gbps;0.5;1.0;0.04
	320.0Gbps;0.5;1.0;0.04
10->5
	10.0Gbps;0.5;1.0;0.04
	20.0Gbps;0.5;1.0;0.04
	40.0Gbps;0.5;1.0;0.04
	80.0Gbps;0.5;1.0;0.04
	160.0Gbps;0.5;1.0;0.04
	320.0Gbps;0.5;1.0;0.04
10->6
	10.0Gbps;0.5;1.0;0.04
	20.0Gbps;0.5;1.0;0.04
	40.0Gbps;0.5;1.0;0.04
	80.0Gbps;0.5;1.0;0.04
	160.0Gbps;0.5;1.0;0.04
	320.0Gbps;0.5;1.0;0.04
10->7
	10.0Gbps;0.5;1.0;0.04
	20.0Gbps;0.5;1.0;0.04
	40.0Gbps;0.5;1.0;0.04
	80.0Gbps;0.5;1.0;0.04
	160.0Gbps;0.5;1.0;0.04
	320.0Gbps;0.5;1.0;0.04
10->8
	10.0Gbps;0.5;1.0;0.04
	20.0Gbps;0.5;1.0;0.04
	40.0Gbps;0.5;1.0;0.04
	80.0Gbps;0.5;1.0;0.04
	160.0Gbps;0.5;1.0;0.04
	320.0Gbps;0.5;1.0;0.04
10->9
	10.0Gbps;0.5;1.0;0.04
	20.0Gbps;0.5;1.0;0.04
	40.0Gbps;0.5;1.0;0.04
	80.0Gbps;0.5;1.0;0.04
	160.0Gbps;0.5;1.0;0.04
	320.0Gbps;0.5;1.0;0.04
10->11
	10.0Gbps;0.5;1.0;0.04
	20.0Gbps;0.5;1.0;0.04
	40.0Gbps;0.5;1.0;0.04
	80.0Gbps;0.5;1.0;0.04
	160.0Gbps;0.5;1.0;0.04
	320.0Gbps;0.5;1.0;0.04
10->12
	10.0Gbps;0.5;1.0;0.04
	20.0Gbps;0.5;1.0;0.04
	40.0Gbps;0.5;1.0;0.04
	80.0Gbps;0.5;1.0;0.04
	160.0Gbps;0.5;1.0;0.04
	320.0Gbps;0.5;1.0;0.04
10->13
	10.0Gbps;0.5;1.0;0.04
	20.0Gbps;0.5;1.0;0.04
	40.0Gbps;0.5;1.0;0.04
	80.0Gbps;0.5;1.0;0.04
	160.0Gbps;0.5;1.0;0.04
	320.0Gbps;0.5;1.0;0.04
10->14
	10.0Gbps;0.5;1.0;0.04
	20.0Gbps;0.5;1.0;0.04
	40.0Gbps;0.5;1.0;0.04
	80.0Gbps;0.5;1.0;0.04
	160.0Gbps;0.5;1.0;0.04
	320.0Gbps;0.5;1.0;0.04
11->1
	10.0Gbps;0.5;1.0;0.04
	20.0Gbps;0.5;1.0;0.04
	40.0Gbps;0.5;1.0;0.04
	80.0Gbps;0.5;1.0;0.04
	160.0Gbps;0.5;1.0;0.04
	320.0Gbps;0.5;1.0;0.04
11->2
	10.0Gbps;0.5;1.0;0.04
	20.0Gbps;0.5;1.0;0.04
	40.0Gbps;0.5;1.0;0.04
	80.0Gbps;0.5;1.0;0.04
	160.0Gbps;0.5;1.0;0.04
	320.0Gbps;0.5;1.0;0.04
11->3
	10.0Gbps;0.5;1.0;0.04
	20.0Gbps;0.5;1.0;0.04
	40.0Gbps;0.5;1.0;0.04
	80.0Gbps;0.5;1.0;0.04
	160.0Gbps;0.5;1.0;0.04
	320.0Gbps;0.5;1.0;0.04
11->4
	10.0Gbps;0.5;1.0;0.04
	20.0Gbps;0.5;1.0;0.04
	40.0Gbps;0.5;1.0;0.04
	80.0Gbps;0.5;1.0;0.04
	160.0Gbps;0.5;1.0;0.04
	320.0Gbps;0.5;1.0;0.04
11->5
	10.0Gbps;0.5;1.0;0.04
	20.0Gbps;0.5;1.0;0.04
	40.0Gbps;0.5;1.0;0.04
	80.0Gbps;0.5;1.0;0.04
	160.0Gbps;0.5;1.0;0.04
	320.0Gbps;0.5;1.0;0.04
11->6
	10.0Gbps;0.5;1.0;0.04
	20.0Gbps;0.5;1.0;0.04
	40.0Gbps;0.5;1.0;0.04
	80.0Gbps;0.5;1.0;0.04
	160.0Gbps;0.5;1.0;0.04
	320.0Gbps;0.5;1.0;0.04
11->7
	10.0Gbps;0.5;1.0;0.04
	20.0Gbps;0.5;1.0;0.04
	40.0Gbps;0.5;1.0;0.04
	80.0Gbps;0.5;1.0;0.04
	160.0Gbps;0.5;1.0;0.04
	320.0Gbps;0.5;1.0;0.04
11->8
	10.0Gbps;0.5;1.0;0.04
	20.0Gbps;0.5;1.0;0.04
	40.0Gbps;0.5;1.0;0.04
	80.0Gbps;0.5;1.0;0.04
	160.0Gbps;0.5;1.0;0.04
	320.0Gbps;0.5;1.0;0.04
11->9
	10.0Gbps;0.5;1.0;0.04
	20.0Gbps;0.5;1.0;0.04
	40.0Gbps;0.5;1.0;0.04
	80.0Gbps;0.5;1.0;0.04
	160.0Gbps;0.5;1.0;0.04
	320.0Gbps;0.5;1.0;0.04
11->10
	10.0Gbps;0.5;1.0;0.04
	20.0Gbps;0.5;1.0;0.04
	40.0Gbps;0.5;1.0;0.04
	80.0Gbps;0.5;1.0;0.04
	160.0Gbps;0.5;1.0;0.04
	320.0Gbps;0.5;1.0;0.04
11->12
	10.0Gbps;0.5;1.0;0.04
	20.0Gbps;0.5;1.0;0.04
	40.0Gbps;0.5;1.0;0.04
	80.0Gbps;0.5;1.0;0.04
	160.0Gbps;0.5;1.0;0.04
	320.0Gbps;0.5;1.0;0.04
11->13
	10.0Gbps;0.5;1.0;0.04
	20.0Gbps;0.5;1.0;0.04
	40.0Gbps;0.5;1.0;0.04
	80.0Gbps;0.5;1.0;0.04
	160.0Gbps;0.5;1.0;0.04
	320.0Gbps;0.5;1.0;0.04
11->14
	10.0Gbps;0.5;1.0;0.04
	20.0Gbps;0.5;1.0;0.04
	40.0Gbps;0.5;1.0;0.04
	80.0Gbps;0.5;1.0;0.04
	160.0Gbps;0.5;1.0;0.04
	320.0Gbps;0.5;1.0;0.04
12->1
	10.0Gbps;0.5;1.0;0.04
	20.0Gbps;0.5;1.0;0.04
	40.0Gbps;0.5;1.0;0.04
	80.0Gbps;0.5;1.0;0.04
	160.0Gbps;0.5;1.0;0.04
	320.0Gbps;0.5;1.0;0.04
12->2
	10.0Gbps;0.5;1.0;0.04
	20.0Gbps;0.5;1.0;0.04
	40.0Gbps;0.5;1.0;0.04
	80.0Gbps;0.5;1.0;0.04
	160.0Gbps;0.5;1.0;0.04
	320.0Gbps;0.5;1.0;0.04
12->3
	10.0Gbps;0.5;1.0;0.04
	20.0Gbps;0.5;1.0;0.04
	40.0Gbps;0.5;1.0;0.04
	80.0Gbps;0.5;1.0;0.04
	160.0Gbps;0.5;1.0;0.04
	320.0Gbps;0.5;1.0;0.04
12->4
	10.0Gbps;0.5;1.0;0.04
	20.0Gbps;0.5;1.0;0.04
	40.0Gbps;0.5;1.0;0.04
	80.0Gbps;0.5;1.0;0.04
	160.0Gbps;0.5;1.0;0.04
	320.0Gbps;0.5;1.0;0.04
12->5
	10.0Gbps;0.5;1.0;0.04
	20.0Gbps;0.5;1.0;0.04
	40.0Gbps;0.5;1.0;0.04
	80.0Gbps;0.5;1.0;0.04
	160.0Gbps;0.5;1.0;0.04
	320.0Gbps;0.5;1.0;0.04
12->6
	10.0Gbps;0.5;1.0;0.04
	20.0Gbps;0.5;1.0;0.04
	40.0Gbps;0.5;1.0;0.04
	80.0Gbps;0.5;1.0;0.04
	160.0Gbps;0.5;1.0;0.04
	320.0Gbps;0.5;1.0;0.04
12->7
	10.0Gbps;0.5;1.0;0.04
	20.0Gbps;0.5;1.0;0.04
	40.0Gbps;0.5;1.0;0.04
	80.0Gbps;0.5;1.0;0.04
	160.0Gbps;0.5;1.0;0.04
	320.0Gbps;0.5;1.0;0.04
12->8
	10.0Gbps;0.5;1.0;0.04
	20.0Gbps;0.5;1.0;0.04
	40.0Gbps;0.5;1.0;0.04
	80.0Gbps;0.5;1.0;0.04
	160.0Gbps;0.5;1.0;0.04
	320.0Gbps;0.5;1.0;0.04
12->9
	10.0Gbps;0.5;1.0;0.04
	20.0Gbps;0.5;1.0;0.04
	40.0Gbps;0.5;1.0;0.04
	80.0Gbps;0.5;1.0;0.04
	160.0Gbps;0.5;1.0;0.04
	320.0Gbps;0.5;1.0;0.04
12->10
	10.0Gbps;0.5;1.0;0.04
	20.0Gbps;0.5;1.0;0.04
	40.0Gbps;0.5;1.0;0.04
	80.0Gbps;0.5;1.0;0.04
	160.0Gbps;0.5;1.0;0.04
	320.0Gbps;0.5;1.0;0.04
12->11
	10.0Gbps;0.5;1.0;0.04
	20.0Gbps;0.5;1.0;0.04
	40.0Gbps;0.5;1.0;0.04
	80.0Gbps;0.5;1.0;0.04
	160.0Gbps;0.5;1.0;0.04
	320.0Gbps;0.5;1.0;0.04
12->13
	10.0Gbps;0.5;1.0;0.04
	20.0Gbps;0.5;1.0;0.04
	40.0Gbps;0.5;1.0;0.04
	80.0Gbps;0.5;1.0;0.04
	160.0Gbps;0.5;1.0;0.04
	320.0Gbps;0.5;1.0;0.04
12->14
	10.0Gbps;0.5;1.0;0.04
	20.0Gbps;0.5;1.0;0.04
	40.0Gbps;0.5;1.0;0.04
	80.0Gbps;0.5;1.0;0.04
	160.0Gbps;0.5;1.0;0.04
	320.0Gbps;0.5;1.0;0.04
13->1
	10.0Gbps;0.5;1.0;0.04
	20.0Gbps;0.5;1.0;0.04
	40.0Gbps;0.5;1.0;0.04
	80.0Gbps;0.5;1.0;0.04
	160.0Gbps;0.5;1.0;0.04
	320.0Gbps;0.5;1.0;0.04
13->2
	10.0Gbps;0.5;1.0;0.04
	20.0Gbps;0.5;1.0;0.04
	40.0Gbps;0.5;1.0;0.04
	80.0Gbps;0.5;1.0;0.04
	160.0Gbps;0.5;1.0;0.04
	320.0Gbps;0.5;1.0;0.04
13->3
	10.0Gbps;0.5;1.0;0.04
	20.0Gbps;0.5;1.0;0.04
	40.0Gbps;0.5;1.0;0.04
	80.0Gbps;0.5;1.0;0.04
	160.0Gbps;0.5;1.0;0.04
	320.0Gbps;0.5;1.0;0.04
13->4
	10.0Gbps;0.5;1.0;0.04
	20.0Gbps;0.5;1.0;0.04
	40.0Gbps;0.5;1.0;0.04
	80.0Gbps;0.5;1.0;0.04
	160.0Gbps;0.5;1.0;0.04
	320.0Gbps;0.5;1.0;0.04
13->5
	10.0Gbps;0.5;1.0;0.04
	20.0Gbps;0.5;1.0;0.04
	40.0Gbps;0.5;1.0;0.04
	80.0Gbps;0.5;1.0;0.04
	160.0Gbps;0.5;1.0;0.04
	320.0Gbps;0.5;1.0;0.04
13->6
	10.0Gbps;0.5;1.0;0.04
	20.0Gbps;0.5;1.0;0.04
	40.0Gbps;0.5;1.0;0.04
	80.0Gbps;0.5;1.0;0.04
	160.0Gbps;0.5;1.0;0.04
	320.0Gbps;0.5;1.0;0.04
13->7
	10.0Gbps;0.5;1.0;0.04
	20.0Gbps;0.5;1.0;0.04
	40.0Gbps;0.5;1.0;0.04
	80.0Gbps;0.5;1.0;0.04
	160.0Gbps;0.5;1.0;0.04
	320.0Gbps;0.5;1.0;0.04
13->8
	10.0Gbps;0.5;1.0;0.04
	20.0Gbps;0.5;1.0;0.04
	40.0Gbps;0.5;1.0;0.04
	80.0Gbps;0.5;1.0;0.04
	160.0Gbps;0.5;1.0;0.04
	320.0Gbps;0.5;1.0;0.04
13->9
	10.0Gbps;0.5;1.0;0.04
	20.0Gbps;0.5;1.0;0.04
	40.0Gbps;0.5;1.0;0.04
	80.0Gbps;0.5;1.0;0.04
	160.0Gbps;0.5;1.0;0.04
	320.0Gbps;0.5;1.0;0.04
13->10
	10.0Gbps;0.5;1.0;0.04
	20.0Gbps;0.5;1.0;0.04
	40.0Gbps;0.5;1.0;0.04
	80.0Gbps;0.5;1.0;0.04
	160.0Gbps;0.5;1.0;0.04
	320.0Gbps;0.5;1.0;0.04
13->11
	10.0Gbps;0.5;1.0;0.04
	20.0Gbps;0.5;1.0;0.04
	40.0Gbps;0.5;1.0;0.04
	80.0Gbps;0.5;1.0;0.04
	160.0Gbps;0.5;1.0;0.04
	320.0Gbps;0.5;1.0;0.04
13->12
	10.0Gbps;0.5;1.0;0.04
	20.0Gbps;0.5;1.0;0.04
	40.0Gbps;0.5;1.0;0.04
	80.0Gbps;0.5;1.0;0.04
	160.0Gbps;0.5;1.0;0.04
	320.0Gbps;0.5;1.0;0.04
13->14
	10.0Gbps;0.5;1.0;0.04
	20.0Gbps;0.5;1.0;0.04
	40.0Gbps;0.5;1.0;0.04
	80.0Gbps;0.5;1.0;0.04
	160.0Gbps;0.5;1.0;0.04
	320.0Gbps;0.5;1.0;0.04
14->1
	10.0Gbps;0.5;1.0;0.04
	20.0Gbps;0.5;1.0;0.04
	40.0Gbps;0.5;1.0;0.04
	80.0Gbps;0.5;1.0;0.04
	160.0Gbps;0.5;1.0;0.04
	320.0Gbps;0.5;1.0;0.04
14->2
	10.0Gbps;0.5;1.0;0.04
	20.0Gbps;0.5;1.0;0.04
	40.0Gbps;0.5;1.0;0.04
	80.0Gbps;0.5;1.0;0.04
	160.0Gbps;0.5;1.0;0.04
	320.0Gbps;0.5;1.0;0.04
14->3
	10.0Gbps;0.5;1.0;0.04
	20.0Gbps;0.5;1.0;0.04
	40.0Gbps;0.5;1.0;0.04
	80.0Gbps;0.5;1.0;0.04
	160.0Gbps;0.5;1.0;0.04
	320.0Gbps;0.5;1.0;0.04
14->4
	10.0Gbps;0.5;1.0;0.04
	20.0Gbps;0.5;1.0;0.04
	40.0Gbps;0.5;1.0;0.04
	80.0Gbps;0.5;1.0;0.04
	160.0Gbps;0.5;1.0;0.04
	320.0Gbps;0.5;1.0;0.04
14->5
	10.0Gbps;0.5;1.0;0.04
	20.0Gbps;0.5;1.0;0.04
	40.0Gbps;0.5;1.0;0.04
	80.0Gbps;0.5;1.0;0.04
	160.0Gbps;0.5;1.0;0.04
	320.0Gbps;0.5;1.0;0.04
14->6
	10.0Gbps;0.5;1.0;0.04
	20.0Gbps;0.5;1.0;0.04
	40.0Gbps;0.5;1.0;0.04
	80.0Gbps;0.5;1.0;0.04
	160.0Gbps;0.5;1.0;0.04
	320.0Gbps;0.5;1.0;0.04
14->7
	10.0Gbps;0.5;1.0;0.04
	20.0Gbps;0.5;1.0;0.04
	40.0Gbps;0.5;1.0;0.04
	80.0Gbps;0.5;1.0;0.04
	160.0Gbps;0.5;1.0;0.04
	320.0Gbps;0.5;1.0;0.04
14->8
	10.0Gbps;0.5;1.0;0.04
	20.0Gbps;0.5;1.0;0.04
	40.0Gbps;0.5;1.0;0.04
	80.0Gbps;0.5;1.0;0.04
	160.0Gbps;0.5;1.0;0.04
	320.0Gbps;0.5;1.0;0.04
14->9
	10.0Gbps;0.5;1.0;0.04
	20.0Gbps;0.5;1.0;0.04
	40.0Gbps;0.5;1.0;0.04
	80.0Gbps;0.5;1.0;0.04
	160.0Gbps;0.5;1.0;0.04
	320.0Gbps;0.5;1.0;0.04
14->10
	10.0Gbps;0.5;1.0;0.04
	20.0Gbps;0.5;1.0;0.04
	40.0Gbps;0.5;1.0;0.04
	80.0Gbps;0.5;1.0;0.04
	160.0Gbps;0.5;1.0;0.04
	320.0Gbps;0.5;1.0;0.04
14->11
	10.0Gbps;0.5;1.0;0.04
	20.0Gbps;0.5;1.0;0.04
	40.0Gbps;0.5;1.0;0.04
	80.0Gbps;0.5;1.0;0.04
	160.0Gbps;0.5;1.0;0.04
	320.0Gbps;0.5;1.0;0.04
14->12
	10.0Gbps;0.5;1.0;0.04
	20.0Gbps;0.5;1.0;0.04
	40.0Gbps;0.5;1.0;0.04
	80.0Gbps;0.5;1.0;0.04
	160.0Gbps;0.5;1.0;0.04
	320.0Gbps;0.5;1.0;0.04
14->13
	10.0Gbps;0.5;1.0;0.04
	20.0Gbps;0.5;1.0;0.04
	40.0Gbps;0.5;1.0;0.04
	80.0Gbps;0.5;1.0;0.04
	160.0Gbps;0.5;1.0;0.04
	320.0Gbps;0.5;1.0;0.04
