node:
1
2
3
4
5
6
7
8
9
10
11
12
13
14
links:
1;2;1.0;320;12.5E+9;1100
1;3;1.0;320;12.5E+9;1600
1;8;1.0;320;12.5E+9;2800
2;1;1.0;320;12.5E+9;1100
2;3;1.0;320;12.5E+9;600
2;4;1.0;320;12.5E+9;1000
3;1;1.0;320;12.5E+9;1600
3;2;1.0;320;12.5E+9;600
3;6;1.0;320;12.5E+9;2000
4;2;1.0;320;12.5E+9;1000
4;5;1.0;320;12.5E+9;600
4;11;1.0;320;12.5E+9;2400
5;4;1.0;320;12.5E+9;600
5;6;1.0;320;12.5E+9;1100
5;7;1.0;320;12.5E+9;800
6;3;1.0;320;12.5E+9;2000
6;5;1.0;320;12.5E+9;1100
6;10;1.0;320;12.5E+9;1200
6;13;1.0;320;12.5E+9;2000
7;5;1.0;320;12.5E+9;800
7;8;1.0;320;12.5E+9;700
7;10;1.0;320;12.5E+9;1100
8;1;1.0;320;12.5E+9;2800
8;7;1.0;320;12.5E+9;700
8;9;1.0;320;12.5E+9;700
9;8;1.0;320;12.5E+9;700
9;10;1.0;320;12.5E+9;900
9;12;1.0;320;12.5E+9;500
9;14;1.0;320;12.5E+9;500
10;6;1.0;320;12.5E+9;1200
10;7;1.0;320;12.5E+9;1100
10;9;1.0;320;12.5E+9;900
11;4;1.0;320;12.5E+9;2400
11;12;1.0;320;12.5E+9;800
11;14;1.0;320;12.5E+9;800
12;9;1.0;320;12.5E+9;500
12;11;1.0;320;12.5E+9;800
12;13;1.0;320;12.5E+9;300
13;6;1.0;320;12.5E+9;2000
13;12;1.0;320;12.5E+9;300
13;14;1.0;320;12.5E+9;300
14;9;1.0;320;12.5E+9;500
14;11;1.0;320;12.5E+9;800
14;13;1.0;320;12.5E+9;300
