node:
1
2
3
4
5
6
7
8
9
10
11
12
13
14
15
16
17
18
19
20
21
22
23
24
links:
1;2;1.0;320;12.5E+9;800
1;6;1.0;320;12.5E+9;960
2;1;1.0;320;12.5E+9;800
2;3;1.0;320;12.5E+9;1120
3;2;1.0;320;12.5E+9;1120
3;4;1.0;320;12.5E+9;240
3;5;1.0;320;12.5E+9;960
3;7;1.0;320;12.5E+9;960
4;3;1.0;320;12.5E+9;240
4;5;1.0;320;12.5E+9;800
4;7;1.0;320;12.5E+9;880
5;3;1.0;320;12.5E+9;960
5;4;1.0;320;12.5E+9;800
5;8;1.0;320;12.5E+9;1200
6;1;1.0;320;12.5E+9;960
6;2;1.0;320;12.5E+9;960
6;7;1.0;320;12.5E+9;960
6;9;1.0;320;12.5E+9;1200
6;11;1.0;320;12.5E+9;1920
7;3;1.0;320;12.5E+9;960
7;4;1.0;320;12.5E+9;880
7;6;1.0;320;12.5E+9;960
7;8;1.0;320;12.5E+9;1120
7;9;1.0;320;12.5E+9;960
8;5;1.0;320;12.5E+9;1200
8;7;1.0;320;12.5E+9;1120
8;10;1.0;320;12.5E+9;880
9;6;1.0;320;12.5E+9;1200
9;7;1.0;320;12.5E+9;960
9;10;1.0;320;12.5E+9;960
9;11;1.0;320;12.5E+9;1360
10;8;1.0;320;12.5E+9;880
10;9;1.0;320;12.5E+9;960
10;13;1.0;320;12.5E+9;960
10;14;1.0;320;12.5E+9;880
11;6;1.0;320;12.5E+9;1920
11;9;1.0;320;12.5E+9;1360
11;12;1.0;320;12.5E+9;880
11;15;1.0;320;12.5E+9;1280
11;16;1.0;320;12.5E+9;2560
12;9;1.0;320;12.5E+9;960
12;11;1.0;320;12.5E+9;880
12;13;1.0;320;12.5E+9;880
12;16;1.0;320;12.5E+9;960
13;10;1.0;320;12.5E+9;960
13;12;1.0;320;12.5E+9;880
13;14;1.0;320;12.5E+9;640
13;17;1.0;320;12.5E+9;1100
14;10;1.0;320;12.5E+9;880
14;13;1.0;320;12.5E+9;640
14;18;1.0;320;12.5E+9;1200
15;11;1.0;320;12.5E+9;1280
15;16;1.0;320;12.5E+9;560
15;20;1.0;320;12.5E+9;1280
16;12;1.0;320;12.5E+9;960
16;15;1.0;320;12.5E+9;560
16;17;1.0;320;12.5E+9;960
16;21;1.0;320;12.5E+9;960
16;22;1.0;320;12.5E+9;800
17;13;1.0;320;12.5E+9;1100
17;16;1.0;320;12.5E+9;960
17;18;1.0;320;12.5E+9;800
17;22;1.0;320;12.5E+9;880
17;23;1.0;320;12.5E+9;960
18;14;1.0;320;12.5E+9;1200
18;17;1.0;320;12.5E+9;800
18;24;1.0;320;12.5E+9;880
19;11;1.0;320;12.5E+9;2560
19;20;1.0;320;12.5E+9;1200
20;15;1.0;320;12.5E+9;1280
20;19;1.0;320;12.5E+9;1200
20;21;1.0;320;12.5E+9;720
21;16;1.0;320;12.5E+9;960
21;20;1.0;320;12.5E+9;720
21;22;1.0;320;12.5E+9;320
22;16;1.0;320;12.5E+9;800
22;17;1.0;320;12.5E+9;880
22;21;1.0;320;12.5E+9;320
22;23;1.0;320;12.5E+9;560
23;17;1.0;320;12.5E+9;960
23;22;1.0;320;12.5E+9;560
23;24;1.0;320;12.5E+9;880
24;18;1.0;320;12.5E+9;880
24;23;1.0;320;12.5E+9;880
