1->2
	10.0Gbps;0.35;1.0;0.03
	20.0Gbps;0.35;1.0;0.03
	40.0Gbps;0.35;1.0;0.03
	80.0Gbps;0.35;1.0;0.03
	160.0Gbps;0.35;1.0;0.03
	320.0Gbps;0.35;1.0;0.03
1->3
	10.0Gbps;0.35;1.0;0.03
	20.0Gbps;0.35;1.0;0.03
	40.0Gbps;0.35;1.0;0.03
	80.0Gbps;0.35;1.0;0.03
	160.0Gbps;0.35;1.0;0.03
	320.0Gbps;0.35;1.0;0.03
1->4
	10.0Gbps;0.35;1.0;0.03
	20.0Gbps;0.35;1.0;0.03
	40.0Gbps;0.35;1.0;0.03
	80.0Gbps;0.35;1.0;0.03
	160.0Gbps;0.35;1.0;0.03
	320.0Gbps;0.35;1.0;0.03
1->5
	10.0Gbps;0.35;1.0;0.03
	20.0Gbps;0.35;1.0;0.03
	40.0Gbps;0.35;1.0;0.03
	80.0Gbps;0.35;1.0;0.03
	160.0Gbps;0.35;1.0;0.03
	320.0Gbps;0.35;1.0;0.03
1->6
	10.0Gbps;0.35;1.0;0.03
	20.0Gbps;0.35;1.0;0.03
	40.0Gbps;0.35;1.0;0.03
	80.0Gbps;0.35;1.0;0.03
	160.0Gbps;0.35;1.0;0.03
	320.0Gbps;0.35;1.0;0.03
1->7
	10.0Gbps;0.35;1.0;0.03
	20.0Gbps;0.35;1.0;0.03
	40.0Gbps;0.35;1.0;0.03
	80.0Gbps;0.35;1.0;0.03
	160.0Gbps;0.35;1.0;0.03
	320.0Gbps;0.35;1.0;0.03
1->8
	10.0Gbps;0.35;1.0;0.03
	20.0Gbps;0.35;1.0;0.03
	40.0Gbps;0.35;1.0;0.03
	80.0Gbps;0.35;1.0;0.03
	160.0Gbps;0.35;1.0;0.03
	320.0Gbps;0.35;1.0;0.03
1->9
	10.0Gbps;0.35;1.0;0.03
	20.0Gbps;0.35;1.0;0.03
	40.0Gbps;0.35;1.0;0.03
	80.0Gbps;0.35;1.0;0.03
	160.0Gbps;0.35;1.0;0.03
	320.0Gbps;0.35;1.0;0.03
1->10
	10.0Gbps;0.35;1.0;0.03
	20.0Gbps;0.35;1.0;0.03
	40.0Gbps;0.35;1.0;0.03
	80.0Gbps;0.35;1.0;0.03
	160.0Gbps;0.35;1.0;0.03
	320.0Gbps;0.35;1.0;0.03
1->11
	10.0Gbps;0.35;1.0;0.03
	20.0Gbps;0.35;1.0;0.03
	40.0Gbps;0.35;1.0;0.03
	80.0Gbps;0.35;1.0;0.03
	160.0Gbps;0.35;1.0;0.03
	320.0Gbps;0.35;1.0;0.03
1->12
	10.0Gbps;0.35;1.0;0.03
	20.0Gbps;0.35;1.0;0.03
	40.0Gbps;0.35;1.0;0.03
	80.0Gbps;0.35;1.0;0.03
	160.0Gbps;0.35;1.0;0.03
	320.0Gbps;0.35;1.0;0.03
1->13
	10.0Gbps;0.35;1.0;0.03
	20.0Gbps;0.35;1.0;0.03
	40.0Gbps;0.35;1.0;0.03
	80.0Gbps;0.35;1.0;0.03
	160.0Gbps;0.35;1.0;0.03
	320.0Gbps;0.35;1.0;0.03
1->14
	10.0Gbps;0.35;1.0;0.03
	20.0Gbps;0.35;1.0;0.03
	40.0Gbps;0.35;1.0;0.03
	80.0Gbps;0.35;1.0;0.03
	160.0Gbps;0.35;1.0;0.03
	320.0Gbps;0.35;1.0;0.03
1->15
	10.0Gbps;0.35;1.0;0.03
	20.0Gbps;0.35;1.0;0.03
	40.0Gbps;0.35;1.0;0.03
	80.0Gbps;0.35;1.0;0.03
	160.0Gbps;0.35;1.0;0.03
	320.0Gbps;0.35;1.0;0.03
1->16
	10.0Gbps;0.35;1.0;0.03
	20.0Gbps;0.35;1.0;0.03
	40.0Gbps;0.35;1.0;0.03
	80.0Gbps;0.35;1.0;0.03
	160.0Gbps;0.35;1.0;0.03
	320.0Gbps;0.35;1.0;0.03
1->17
	10.0Gbps;0.35;1.0;0.03
	20.0Gbps;0.35;1.0;0.03
	40.0Gbps;0.35;1.0;0.03
	80.0Gbps;0.35;1.0;0.03
	160.0Gbps;0.35;1.0;0.03
	320.0Gbps;0.35;1.0;0.03
1->18
	10.0Gbps;0.35;1.0;0.03
	20.0Gbps;0.35;1.0;0.03
	40.0Gbps;0.35;1.0;0.03
	80.0Gbps;0.35;1.0;0.03
	160.0Gbps;0.35;1.0;0.03
	320.0Gbps;0.35;1.0;0.03
1->19
	10.0Gbps;0.35;1.0;0.03
	20.0Gbps;0.35;1.0;0.03
	40.0Gbps;0.35;1.0;0.03
	80.0Gbps;0.35;1.0;0.03
	160.0Gbps;0.35;1.0;0.03
	320.0Gbps;0.35;1.0;0.03
1->20
	10.0Gbps;0.35;1.0;0.03
	20.0Gbps;0.35;1.0;0.03
	40.0Gbps;0.35;1.0;0.03
	80.0Gbps;0.35;1.0;0.03
	160.0Gbps;0.35;1.0;0.03
	320.0Gbps;0.35;1.0;0.03
1->21
	10.0Gbps;0.35;1.0;0.03
	20.0Gbps;0.35;1.0;0.03
	40.0Gbps;0.35;1.0;0.03
	80.0Gbps;0.35;1.0;0.03
	160.0Gbps;0.35;1.0;0.03
	320.0Gbps;0.35;1.0;0.03
1->22
	10.0Gbps;0.35;1.0;0.03
	20.0Gbps;0.35;1.0;0.03
	40.0Gbps;0.35;1.0;0.03
	80.0Gbps;0.35;1.0;0.03
	160.0Gbps;0.35;1.0;0.03
	320.0Gbps;0.35;1.0;0.03
1->23
	10.0Gbps;0.35;1.0;0.03
	20.0Gbps;0.35;1.0;0.03
	40.0Gbps;0.35;1.0;0.03
	80.0Gbps;0.35;1.0;0.03
	160.0Gbps;0.35;1.0;0.03
	320.0Gbps;0.35;1.0;0.03
1->24
	10.0Gbps;0.35;1.0;0.03
	20.0Gbps;0.35;1.0;0.03
	40.0Gbps;0.35;1.0;0.03
	80.0Gbps;0.35;1.0;0.03
	160.0Gbps;0.35;1.0;0.03
	320.0Gbps;0.35;1.0;0.03
2->1
	10.0Gbps;0.35;1.0;0.03
	20.0Gbps;0.35;1.0;0.03
	40.0Gbps;0.35;1.0;0.03
	80.0Gbps;0.35;1.0;0.03
	160.0Gbps;0.35;1.0;0.03
	320.0Gbps;0.35;1.0;0.03
2->3
	10.0Gbps;0.35;1.0;0.03
	20.0Gbps;0.35;1.0;0.03
	40.0Gbps;0.35;1.0;0.03
	80.0Gbps;0.35;1.0;0.03
	160.0Gbps;0.35;1.0;0.03
	320.0Gbps;0.35;1.0;0.03
2->4
	10.0Gbps;0.35;1.0;0.03
	20.0Gbps;0.35;1.0;0.03
	40.0Gbps;0.35;1.0;0.03
	80.0Gbps;0.35;1.0;0.03
	160.0Gbps;0.35;1.0;0.03
	320.0Gbps;0.35;1.0;0.03
2->5
	10.0Gbps;0.35;1.0;0.03
	20.0Gbps;0.35;1.0;0.03
	40.0Gbps;0.35;1.0;0.03
	80.0Gbps;0.35;1.0;0.03
	160.0Gbps;0.35;1.0;0.03
	320.0Gbps;0.35;1.0;0.03
2->6
	10.0Gbps;0.35;1.0;0.03
	20.0Gbps;0.35;1.0;0.03
	40.0Gbps;0.35;1.0;0.03
	80.0Gbps;0.35;1.0;0.03
	160.0Gbps;0.35;1.0;0.03
	320.0Gbps;0.35;1.0;0.03
2->7
	10.0Gbps;0.35;1.0;0.03
	20.0Gbps;0.35;1.0;0.03
	40.0Gbps;0.35;1.0;0.03
	80.0Gbps;0.35;1.0;0.03
	160.0Gbps;0.35;1.0;0.03
	320.0Gbps;0.35;1.0;0.03
2->8
	10.0Gbps;0.35;1.0;0.03
	20.0Gbps;0.35;1.0;0.03
	40.0Gbps;0.35;1.0;0.03
	80.0Gbps;0.35;1.0;0.03
	160.0Gbps;0.35;1.0;0.03
	320.0Gbps;0.35;1.0;0.03
2->9
	10.0Gbps;0.35;1.0;0.03
	20.0Gbps;0.35;1.0;0.03
	40.0Gbps;0.35;1.0;0.03
	80.0Gbps;0.35;1.0;0.03
	160.0Gbps;0.35;1.0;0.03
	320.0Gbps;0.35;1.0;0.03
2->10
	10.0Gbps;0.35;1.0;0.03
	20.0Gbps;0.35;1.0;0.03
	40.0Gbps;0.35;1.0;0.03
	80.0Gbps;0.35;1.0;0.03
	160.0Gbps;0.35;1.0;0.03
	320.0Gbps;0.35;1.0;0.03
2->11
	10.0Gbps;0.35;1.0;0.03
	20.0Gbps;0.35;1.0;0.03
	40.0Gbps;0.35;1.0;0.03
	80.0Gbps;0.35;1.0;0.03
	160.0Gbps;0.35;1.0;0.03
	320.0Gbps;0.35;1.0;0.03
2->12
	10.0Gbps;0.35;1.0;0.03
	20.0Gbps;0.35;1.0;0.03
	40.0Gbps;0.35;1.0;0.03
	80.0Gbps;0.35;1.0;0.03
	160.0Gbps;0.35;1.0;0.03
	320.0Gbps;0.35;1.0;0.03
2->13
	10.0Gbps;0.35;1.0;0.03
	20.0Gbps;0.35;1.0;0.03
	40.0Gbps;0.35;1.0;0.03
	80.0Gbps;0.35;1.0;0.03
	160.0Gbps;0.35;1.0;0.03
	320.0Gbps;0.35;1.0;0.03
2->14
	10.0Gbps;0.35;1.0;0.03
	20.0Gbps;0.35;1.0;0.03
	40.0Gbps;0.35;1.0;0.03
	80.0Gbps;0.35;1.0;0.03
	160.0Gbps;0.35;1.0;0.03
	320.0Gbps;0.35;1.0;0.03
2->15
	10.0Gbps;0.35;1.0;0.03
	20.0Gbps;0.35;1.0;0.03
	40.0Gbps;0.35;1.0;0.03
	80.0Gbps;0.35;1.0;0.03
	160.0Gbps;0.35;1.0;0.03
	320.0Gbps;0.35;1.0;0.03
2->16
	10.0Gbps;0.35;1.0;0.03
	20.0Gbps;0.35;1.0;0.03
	40.0Gbps;0.35;1.0;0.03
	80.0Gbps;0.35;1.0;0.03
	160.0Gbps;0.35;1.0;0.03
	320.0Gbps;0.35;1.0;0.03
2->17
	10.0Gbps;0.35;1.0;0.03
	20.0Gbps;0.35;1.0;0.03
	40.0Gbps;0.35;1.0;0.03
	80.0Gbps;0.35;1.0;0.03
	160.0Gbps;0.35;1.0;0.03
	320.0Gbps;0.35;1.0;0.03
2->18
	10.0Gbps;0.35;1.0;0.03
	20.0Gbps;0.35;1.0;0.03
	40.0Gbps;0.35;1.0;0.03
	80.0Gbps;0.35;1.0;0.03
	160.0Gbps;0.35;1.0;0.03
	320.0Gbps;0.35;1.0;0.03
2->19
	10.0Gbps;0.35;1.0;0.03
	20.0Gbps;0.35;1.0;0.03
	40.0Gbps;0.35;1.0;0.03
	80.0Gbps;0.35;1.0;0.03
	160.0Gbps;0.35;1.0;0.03
	320.0Gbps;0.35;1.0;0.03
2->20
	10.0Gbps;0.35;1.0;0.03
	20.0Gbps;0.35;1.0;0.03
	40.0Gbps;0.35;1.0;0.03
	80.0Gbps;0.35;1.0;0.03
	160.0Gbps;0.35;1.0;0.03
	320.0Gbps;0.35;1.0;0.03
2->21
	10.0Gbps;0.35;1.0;0.03
	20.0Gbps;0.35;1.0;0.03
	40.0Gbps;0.35;1.0;0.03
	80.0Gbps;0.35;1.0;0.03
	160.0Gbps;0.35;1.0;0.03
	320.0Gbps;0.35;1.0;0.03
2->22
	10.0Gbps;0.35;1.0;0.03
	20.0Gbps;0.35;1.0;0.03
	40.0Gbps;0.35;1.0;0.03
	80.0Gbps;0.35;1.0;0.03
	160.0Gbps;0.35;1.0;0.03
	320.0Gbps;0.35;1.0;0.03
2->23
	10.0Gbps;0.35;1.0;0.03
	20.0Gbps;0.35;1.0;0.03
	40.0Gbps;0.35;1.0;0.03
	80.0Gbps;0.35;1.0;0.03
	160.0Gbps;0.35;1.0;0.03
	320.0Gbps;0.35;1.0;0.03
2->24
	10.0Gbps;0.35;1.0;0.03
	20.0Gbps;0.35;1.0;0.03
	40.0Gbps;0.35;1.0;0.03
	80.0Gbps;0.35;1.0;0.03
	160.0Gbps;0.35;1.0;0.03
	320.0Gbps;0.35;1.0;0.03
3->1
	10.0Gbps;0.35;1.0;0.03
	20.0Gbps;0.35;1.0;0.03
	40.0Gbps;0.35;1.0;0.03
	80.0Gbps;0.35;1.0;0.03
	160.0Gbps;0.35;1.0;0.03
	320.0Gbps;0.35;1.0;0.03
3->2
	10.0Gbps;0.35;1.0;0.03
	20.0Gbps;0.35;1.0;0.03
	40.0Gbps;0.35;1.0;0.03
	80.0Gbps;0.35;1.0;0.03
	160.0Gbps;0.35;1.0;0.03
	320.0Gbps;0.35;1.0;0.03
3->4
	10.0Gbps;0.35;1.0;0.03
	20.0Gbps;0.35;1.0;0.03
	40.0Gbps;0.35;1.0;0.03
	80.0Gbps;0.35;1.0;0.03
	160.0Gbps;0.35;1.0;0.03
	320.0Gbps;0.35;1.0;0.03
3->5
	10.0Gbps;0.35;1.0;0.03
	20.0Gbps;0.35;1.0;0.03
	40.0Gbps;0.35;1.0;0.03
	80.0Gbps;0.35;1.0;0.03
	160.0Gbps;0.35;1.0;0.03
	320.0Gbps;0.35;1.0;0.03
3->6
	10.0Gbps;0.35;1.0;0.03
	20.0Gbps;0.35;1.0;0.03
	40.0Gbps;0.35;1.0;0.03
	80.0Gbps;0.35;1.0;0.03
	160.0Gbps;0.35;1.0;0.03
	320.0Gbps;0.35;1.0;0.03
3->7
	10.0Gbps;0.35;1.0;0.03
	20.0Gbps;0.35;1.0;0.03
	40.0Gbps;0.35;1.0;0.03
	80.0Gbps;0.35;1.0;0.03
	160.0Gbps;0.35;1.0;0.03
	320.0Gbps;0.35;1.0;0.03
3->8
	10.0Gbps;0.35;1.0;0.03
	20.0Gbps;0.35;1.0;0.03
	40.0Gbps;0.35;1.0;0.03
	80.0Gbps;0.35;1.0;0.03
	160.0Gbps;0.35;1.0;0.03
	320.0Gbps;0.35;1.0;0.03
3->9
	10.0Gbps;0.35;1.0;0.03
	20.0Gbps;0.35;1.0;0.03
	40.0Gbps;0.35;1.0;0.03
	80.0Gbps;0.35;1.0;0.03
	160.0Gbps;0.35;1.0;0.03
	320.0Gbps;0.35;1.0;0.03
3->10
	10.0Gbps;0.35;1.0;0.03
	20.0Gbps;0.35;1.0;0.03
	40.0Gbps;0.35;1.0;0.03
	80.0Gbps;0.35;1.0;0.03
	160.0Gbps;0.35;1.0;0.03
	320.0Gbps;0.35;1.0;0.03
3->11
	10.0Gbps;0.35;1.0;0.03
	20.0Gbps;0.35;1.0;0.03
	40.0Gbps;0.35;1.0;0.03
	80.0Gbps;0.35;1.0;0.03
	160.0Gbps;0.35;1.0;0.03
	320.0Gbps;0.35;1.0;0.03
3->12
	10.0Gbps;0.35;1.0;0.03
	20.0Gbps;0.35;1.0;0.03
	40.0Gbps;0.35;1.0;0.03
	80.0Gbps;0.35;1.0;0.03
	160.0Gbps;0.35;1.0;0.03
	320.0Gbps;0.35;1.0;0.03
3->13
	10.0Gbps;0.35;1.0;0.03
	20.0Gbps;0.35;1.0;0.03
	40.0Gbps;0.35;1.0;0.03
	80.0Gbps;0.35;1.0;0.03
	160.0Gbps;0.35;1.0;0.03
	320.0Gbps;0.35;1.0;0.03
3->14
	10.0Gbps;0.35;1.0;0.03
	20.0Gbps;0.35;1.0;0.03
	40.0Gbps;0.35;1.0;0.03
	80.0Gbps;0.35;1.0;0.03
	160.0Gbps;0.35;1.0;0.03
	320.0Gbps;0.35;1.0;0.03
3->15
	10.0Gbps;0.35;1.0;0.03
	20.0Gbps;0.35;1.0;0.03
	40.0Gbps;0.35;1.0;0.03
	80.0Gbps;0.35;1.0;0.03
	160.0Gbps;0.35;1.0;0.03
	320.0Gbps;0.35;1.0;0.03
3->16
	10.0Gbps;0.35;1.0;0.03
	20.0Gbps;0.35;1.0;0.03
	40.0Gbps;0.35;1.0;0.03
	80.0Gbps;0.35;1.0;0.03
	160.0Gbps;0.35;1.0;0.03
	320.0Gbps;0.35;1.0;0.03
3->17
	10.0Gbps;0.35;1.0;0.03
	20.0Gbps;0.35;1.0;0.03
	40.0Gbps;0.35;1.0;0.03
	80.0Gbps;0.35;1.0;0.03
	160.0Gbps;0.35;1.0;0.03
	320.0Gbps;0.35;1.0;0.03
3->18
	10.0Gbps;0.35;1.0;0.03
	20.0Gbps;0.35;1.0;0.03
	40.0Gbps;0.35;1.0;0.03
	80.0Gbps;0.35;1.0;0.03
	160.0Gbps;0.35;1.0;0.03
	320.0Gbps;0.35;1.0;0.03
3->19
	10.0Gbps;0.35;1.0;0.03
	20.0Gbps;0.35;1.0;0.03
	40.0Gbps;0.35;1.0;0.03
	80.0Gbps;0.35;1.0;0.03
	160.0Gbps;0.35;1.0;0.03
	320.0Gbps;0.35;1.0;0.03
3->20
	10.0Gbps;0.35;1.0;0.03
	20.0Gbps;0.35;1.0;0.03
	40.0Gbps;0.35;1.0;0.03
	80.0Gbps;0.35;1.0;0.03
	160.0Gbps;0.35;1.0;0.03
	320.0Gbps;0.35;1.0;0.03
3->21
	10.0Gbps;0.35;1.0;0.03
	20.0Gbps;0.35;1.0;0.03
	40.0Gbps;0.35;1.0;0.03
	80.0Gbps;0.35;1.0;0.03
	160.0Gbps;0.35;1.0;0.03
	320.0Gbps;0.35;1.0;0.03
3->22
	10.0Gbps;0.35;1.0;0.03
	20.0Gbps;0.35;1.0;0.03
	40.0Gbps;0.35;1.0;0.03
	80.0Gbps;0.35;1.0;0.03
	160.0Gbps;0.35;1.0;0.03
	320.0Gbps;0.35;1.0;0.03
3->23
	10.0Gbps;0.35;1.0;0.03
	20.0Gbps;0.35;1.0;0.03
	40.0Gbps;0.35;1.0;0.03
	80.0Gbps;0.35;1.0;0.03
	160.0Gbps;0.35;1.0;0.03
	320.0Gbps;0.35;1.0;0.03
3->24
	10.0Gbps;0.35;1.0;0.03
	20.0Gbps;0.35;1.0;0.03
	40.0Gbps;0.35;1.0;0.03
	80.0Gbps;0.35;1.0;0.03
	160.0Gbps;0.35;1.0;0.03
	320.0Gbps;0.35;1.0;0.03
4->1
	10.0Gbps;0.35;1.0;0.03
	20.0Gbps;0.35;1.0;0.03
	40.0Gbps;0.35;1.0;0.03
	80.0Gbps;0.35;1.0;0.03
	160.0Gbps;0.35;1.0;0.03
	320.0Gbps;0.35;1.0;0.03
4->2
	10.0Gbps;0.35;1.0;0.03
	20.0Gbps;0.35;1.0;0.03
	40.0Gbps;0.35;1.0;0.03
	80.0Gbps;0.35;1.0;0.03
	160.0Gbps;0.35;1.0;0.03
	320.0Gbps;0.35;1.0;0.03
4->3
	10.0Gbps;0.35;1.0;0.03
	20.0Gbps;0.35;1.0;0.03
	40.0Gbps;0.35;1.0;0.03
	80.0Gbps;0.35;1.0;0.03
	160.0Gbps;0.35;1.0;0.03
	320.0Gbps;0.35;1.0;0.03
4->5
	10.0Gbps;0.35;1.0;0.03
	20.0Gbps;0.35;1.0;0.03
	40.0Gbps;0.35;1.0;0.03
	80.0Gbps;0.35;1.0;0.03
	160.0Gbps;0.35;1.0;0.03
	320.0Gbps;0.35;1.0;0.03
4->6
	10.0Gbps;0.35;1.0;0.03
	20.0Gbps;0.35;1.0;0.03
	40.0Gbps;0.35;1.0;0.03
	80.0Gbps;0.35;1.0;0.03
	160.0Gbps;0.35;1.0;0.03
	320.0Gbps;0.35;1.0;0.03
4->7
	10.0Gbps;0.35;1.0;0.03
	20.0Gbps;0.35;1.0;0.03
	40.0Gbps;0.35;1.0;0.03
	80.0Gbps;0.35;1.0;0.03
	160.0Gbps;0.35;1.0;0.03
	320.0Gbps;0.35;1.0;0.03
4->8
	10.0Gbps;0.35;1.0;0.03
	20.0Gbps;0.35;1.0;0.03
	40.0Gbps;0.35;1.0;0.03
	80.0Gbps;0.35;1.0;0.03
	160.0Gbps;0.35;1.0;0.03
	320.0Gbps;0.35;1.0;0.03
4->9
	10.0Gbps;0.35;1.0;0.03
	20.0Gbps;0.35;1.0;0.03
	40.0Gbps;0.35;1.0;0.03
	80.0Gbps;0.35;1.0;0.03
	160.0Gbps;0.35;1.0;0.03
	320.0Gbps;0.35;1.0;0.03
4->10
	10.0Gbps;0.35;1.0;0.03
	20.0Gbps;0.35;1.0;0.03
	40.0Gbps;0.35;1.0;0.03
	80.0Gbps;0.35;1.0;0.03
	160.0Gbps;0.35;1.0;0.03
	320.0Gbps;0.35;1.0;0.03
4->11
	10.0Gbps;0.35;1.0;0.03
	20.0Gbps;0.35;1.0;0.03
	40.0Gbps;0.35;1.0;0.03
	80.0Gbps;0.35;1.0;0.03
	160.0Gbps;0.35;1.0;0.03
	320.0Gbps;0.35;1.0;0.03
4->12
	10.0Gbps;0.35;1.0;0.03
	20.0Gbps;0.35;1.0;0.03
	40.0Gbps;0.35;1.0;0.03
	80.0Gbps;0.35;1.0;0.03
	160.0Gbps;0.35;1.0;0.03
	320.0Gbps;0.35;1.0;0.03
4->13
	10.0Gbps;0.35;1.0;0.03
	20.0Gbps;0.35;1.0;0.03
	40.0Gbps;0.35;1.0;0.03
	80.0Gbps;0.35;1.0;0.03
	160.0Gbps;0.35;1.0;0.03
	320.0Gbps;0.35;1.0;0.03
4->14
	10.0Gbps;0.35;1.0;0.03
	20.0Gbps;0.35;1.0;0.03
	40.0Gbps;0.35;1.0;0.03
	80.0Gbps;0.35;1.0;0.03
	160.0Gbps;0.35;1.0;0.03
	320.0Gbps;0.35;1.0;0.03
4->15
	10.0Gbps;0.35;1.0;0.03
	20.0Gbps;0.35;1.0;0.03
	40.0Gbps;0.35;1.0;0.03
	80.0Gbps;0.35;1.0;0.03
	160.0Gbps;0.35;1.0;0.03
	320.0Gbps;0.35;1.0;0.03
4->16
	10.0Gbps;0.35;1.0;0.03
	20.0Gbps;0.35;1.0;0.03
	40.0Gbps;0.35;1.0;0.03
	80.0Gbps;0.35;1.0;0.03
	160.0Gbps;0.35;1.0;0.03
	320.0Gbps;0.35;1.0;0.03
4->17
	10.0Gbps;0.35;1.0;0.03
	20.0Gbps;0.35;1.0;0.03
	40.0Gbps;0.35;1.0;0.03
	80.0Gbps;0.35;1.0;0.03
	160.0Gbps;0.35;1.0;0.03
	320.0Gbps;0.35;1.0;0.03
4->18
	10.0Gbps;0.35;1.0;0.03
	20.0Gbps;0.35;1.0;0.03
	40.0Gbps;0.35;1.0;0.03
	80.0Gbps;0.35;1.0;0.03
	160.0Gbps;0.35;1.0;0.03
	320.0Gbps;0.35;1.0;0.03
4->19
	10.0Gbps;0.35;1.0;0.03
	20.0Gbps;0.35;1.0;0.03
	40.0Gbps;0.35;1.0;0.03
	80.0Gbps;0.35;1.0;0.03
	160.0Gbps;0.35;1.0;0.03
	320.0Gbps;0.35;1.0;0.03
4->20
	10.0Gbps;0.35;1.0;0.03
	20.0Gbps;0.35;1.0;0.03
	40.0Gbps;0.35;1.0;0.03
	80.0Gbps;0.35;1.0;0.03
	160.0Gbps;0.35;1.0;0.03
	320.0Gbps;0.35;1.0;0.03
4->21
	10.0Gbps;0.35;1.0;0.03
	20.0Gbps;0.35;1.0;0.03
	40.0Gbps;0.35;1.0;0.03
	80.0Gbps;0.35;1.0;0.03
	160.0Gbps;0.35;1.0;0.03
	320.0Gbps;0.35;1.0;0.03
4->22
	10.0Gbps;0.35;1.0;0.03
	20.0Gbps;0.35;1.0;0.03
	40.0Gbps;0.35;1.0;0.03
	80.0Gbps;0.35;1.0;0.03
	160.0Gbps;0.35;1.0;0.03
	320.0Gbps;0.35;1.0;0.03
4->23
	10.0Gbps;0.35;1.0;0.03
	20.0Gbps;0.35;1.0;0.03
	40.0Gbps;0.35;1.0;0.03
	80.0Gbps;0.35;1.0;0.03
	160.0Gbps;0.35;1.0;0.03
	320.0Gbps;0.35;1.0;0.03
4->24
	10.0Gbps;0.35;1.0;0.03
	20.0Gbps;0.35;1.0;0.03
	40.0Gbps;0.35;1.0;0.03
	80.0Gbps;0.35;1.0;0.03
	160.0Gbps;0.35;1.0;0.03
	320.0Gbps;0.35;1.0;0.03
5->1
	10.0Gbps;0.35;1.0;0.03
	20.0Gbps;0.35;1.0;0.03
	40.0Gbps;0.35;1.0;0.03
	80.0Gbps;0.35;1.0;0.03
	160.0Gbps;0.35;1.0;0.03
	320.0Gbps;0.35;1.0;0.03
5->2
	10.0Gbps;0.35;1.0;0.03
	20.0Gbps;0.35;1.0;0.03
	40.0Gbps;0.35;1.0;0.03
	80.0Gbps;0.35;1.0;0.03
	160.0Gbps;0.35;1.0;0.03
	320.0Gbps;0.35;1.0;0.03
5->3
	10.0Gbps;0.35;1.0;0.03
	20.0Gbps;0.35;1.0;0.03
	40.0Gbps;0.35;1.0;0.03
	80.0Gbps;0.35;1.0;0.03
	160.0Gbps;0.35;1.0;0.03
	320.0Gbps;0.35;1.0;0.03
5->4
	10.0Gbps;0.35;1.0;0.03
	20.0Gbps;0.35;1.0;0.03
	40.0Gbps;0.35;1.0;0.03
	80.0Gbps;0.35;1.0;0.03
	160.0Gbps;0.35;1.0;0.03
	320.0Gbps;0.35;1.0;0.03
5->6
	10.0Gbps;0.35;1.0;0.03
	20.0Gbps;0.35;1.0;0.03
	40.0Gbps;0.35;1.0;0.03
	80.0Gbps;0.35;1.0;0.03
	160.0Gbps;0.35;1.0;0.03
	320.0Gbps;0.35;1.0;0.03
5->7
	10.0Gbps;0.35;1.0;0.03
	20.0Gbps;0.35;1.0;0.03
	40.0Gbps;0.35;1.0;0.03
	80.0Gbps;0.35;1.0;0.03
	160.0Gbps;0.35;1.0;0.03
	320.0Gbps;0.35;1.0;0.03
5->8
	10.0Gbps;0.35;1.0;0.03
	20.0Gbps;0.35;1.0;0.03
	40.0Gbps;0.35;1.0;0.03
	80.0Gbps;0.35;1.0;0.03
	160.0Gbps;0.35;1.0;0.03
	320.0Gbps;0.35;1.0;0.03
5->9
	10.0Gbps;0.35;1.0;0.03
	20.0Gbps;0.35;1.0;0.03
	40.0Gbps;0.35;1.0;0.03
	80.0Gbps;0.35;1.0;0.03
	160.0Gbps;0.35;1.0;0.03
	320.0Gbps;0.35;1.0;0.03
5->10
	10.0Gbps;0.35;1.0;0.03
	20.0Gbps;0.35;1.0;0.03
	40.0Gbps;0.35;1.0;0.03
	80.0Gbps;0.35;1.0;0.03
	160.0Gbps;0.35;1.0;0.03
	320.0Gbps;0.35;1.0;0.03
5->11
	10.0Gbps;0.35;1.0;0.03
	20.0Gbps;0.35;1.0;0.03
	40.0Gbps;0.35;1.0;0.03
	80.0Gbps;0.35;1.0;0.03
	160.0Gbps;0.35;1.0;0.03
	320.0Gbps;0.35;1.0;0.03
5->12
	10.0Gbps;0.35;1.0;0.03
	20.0Gbps;0.35;1.0;0.03
	40.0Gbps;0.35;1.0;0.03
	80.0Gbps;0.35;1.0;0.03
	160.0Gbps;0.35;1.0;0.03
	320.0Gbps;0.35;1.0;0.03
5->13
	10.0Gbps;0.35;1.0;0.03
	20.0Gbps;0.35;1.0;0.03
	40.0Gbps;0.35;1.0;0.03
	80.0Gbps;0.35;1.0;0.03
	160.0Gbps;0.35;1.0;0.03
	320.0Gbps;0.35;1.0;0.03
5->14
	10.0Gbps;0.35;1.0;0.03
	20.0Gbps;0.35;1.0;0.03
	40.0Gbps;0.35;1.0;0.03
	80.0Gbps;0.35;1.0;0.03
	160.0Gbps;0.35;1.0;0.03
	320.0Gbps;0.35;1.0;0.03
5->15
	10.0Gbps;0.35;1.0;0.03
	20.0Gbps;0.35;1.0;0.03
	40.0Gbps;0.35;1.0;0.03
	80.0Gbps;0.35;1.0;0.03
	160.0Gbps;0.35;1.0;0.03
	320.0Gbps;0.35;1.0;0.03
5->16
	10.0Gbps;0.35;1.0;0.03
	20.0Gbps;0.35;1.0;0.03
	40.0Gbps;0.35;1.0;0.03
	80.0Gbps;0.35;1.0;0.03
	160.0Gbps;0.35;1.0;0.03
	320.0Gbps;0.35;1.0;0.03
5->17
	10.0Gbps;0.35;1.0;0.03
	20.0Gbps;0.35;1.0;0.03
	40.0Gbps;0.35;1.0;0.03
	80.0Gbps;0.35;1.0;0.03
	160.0Gbps;0.35;1.0;0.03
	320.0Gbps;0.35;1.0;0.03
5->18
	10.0Gbps;0.35;1.0;0.03
	20.0Gbps;0.35;1.0;0.03
	40.0Gbps;0.35;1.0;0.03
	80.0Gbps;0.35;1.0;0.03
	160.0Gbps;0.35;1.0;0.03
	320.0Gbps;0.35;1.0;0.03
5->19
	10.0Gbps;0.35;1.0;0.03
	20.0Gbps;0.35;1.0;0.03
	40.0Gbps;0.35;1.0;0.03
	80.0Gbps;0.35;1.0;0.03
	160.0Gbps;0.35;1.0;0.03
	320.0Gbps;0.35;1.0;0.03
5->20
	10.0Gbps;0.35;1.0;0.03
	20.0Gbps;0.35;1.0;0.03
	40.0Gbps;0.35;1.0;0.03
	80.0Gbps;0.35;1.0;0.03
	160.0Gbps;0.35;1.0;0.03
	320.0Gbps;0.35;1.0;0.03
5->21
	10.0Gbps;0.35;1.0;0.03
	20.0Gbps;0.35;1.0;0.03
	40.0Gbps;0.35;1.0;0.03
	80.0Gbps;0.35;1.0;0.03
	160.0Gbps;0.35;1.0;0.03
	320.0Gbps;0.35;1.0;0.03
5->22
	10.0Gbps;0.35;1.0;0.03
	20.0Gbps;0.35;1.0;0.03
	40.0Gbps;0.35;1.0;0.03
	80.0Gbps;0.35;1.0;0.03
	160.0Gbps;0.35;1.0;0.03
	320.0Gbps;0.35;1.0;0.03
5->23
	10.0Gbps;0.35;1.0;0.03
	20.0Gbps;0.35;1.0;0.03
	40.0Gbps;0.35;1.0;0.03
	80.0Gbps;0.35;1.0;0.03
	160.0Gbps;0.35;1.0;0.03
	320.0Gbps;0.35;1.0;0.03
5->24
	10.0Gbps;0.35;1.0;0.03
	20.0Gbps;0.35;1.0;0.03
	40.0Gbps;0.35;1.0;0.03
	80.0Gbps;0.35;1.0;0.03
	160.0Gbps;0.35;1.0;0.03
	320.0Gbps;0.35;1.0;0.03
6->1
	10.0Gbps;0.35;1.0;0.03
	20.0Gbps;0.35;1.0;0.03
	40.0Gbps;0.35;1.0;0.03
	80.0Gbps;0.35;1.0;0.03
	160.0Gbps;0.35;1.0;0.03
	320.0Gbps;0.35;1.0;0.03
6->2
	10.0Gbps;0.35;1.0;0.03
	20.0Gbps;0.35;1.0;0.03
	40.0Gbps;0.35;1.0;0.03
	80.0Gbps;0.35;1.0;0.03
	160.0Gbps;0.35;1.0;0.03
	320.0Gbps;0.35;1.0;0.03
6->3
	10.0Gbps;0.35;1.0;0.03
	20.0Gbps;0.35;1.0;0.03
	40.0Gbps;0.35;1.0;0.03
	80.0Gbps;0.35;1.0;0.03
	160.0Gbps;0.35;1.0;0.03
	320.0Gbps;0.35;1.0;0.03
6->4
	10.0Gbps;0.35;1.0;0.03
	20.0Gbps;0.35;1.0;0.03
	40.0Gbps;0.35;1.0;0.03
	80.0Gbps;0.35;1.0;0.03
	160.0Gbps;0.35;1.0;0.03
	320.0Gbps;0.35;1.0;0.03
6->5
	10.0Gbps;0.35;1.0;0.03
	20.0Gbps;0.35;1.0;0.03
	40.0Gbps;0.35;1.0;0.03
	80.0Gbps;0.35;1.0;0.03
	160.0Gbps;0.35;1.0;0.03
	320.0Gbps;0.35;1.0;0.03
6->7
	10.0Gbps;0.35;1.0;0.03
	20.0Gbps;0.35;1.0;0.03
	40.0Gbps;0.35;1.0;0.03
	80.0Gbps;0.35;1.0;0.03
	160.0Gbps;0.35;1.0;0.03
	320.0Gbps;0.35;1.0;0.03
6->8
	10.0Gbps;0.35;1.0;0.03
	20.0Gbps;0.35;1.0;0.03
	40.0Gbps;0.35;1.0;0.03
	80.0Gbps;0.35;1.0;0.03
	160.0Gbps;0.35;1.0;0.03
	320.0Gbps;0.35;1.0;0.03
6->9
	10.0Gbps;0.35;1.0;0.03
	20.0Gbps;0.35;1.0;0.03
	40.0Gbps;0.35;1.0;0.03
	80.0Gbps;0.35;1.0;0.03
	160.0Gbps;0.35;1.0;0.03
	320.0Gbps;0.35;1.0;0.03
6->10
	10.0Gbps;0.35;1.0;0.03
	20.0Gbps;0.35;1.0;0.03
	40.0Gbps;0.35;1.0;0.03
	80.0Gbps;0.35;1.0;0.03
	160.0Gbps;0.35;1.0;0.03
	320.0Gbps;0.35;1.0;0.03
6->11
	10.0Gbps;0.35;1.0;0.03
	20.0Gbps;0.35;1.0;0.03
	40.0Gbps;0.35;1.0;0.03
	80.0Gbps;0.35;1.0;0.03
	160.0Gbps;0.35;1.0;0.03
	320.0Gbps;0.35;1.0;0.03
6->12
	10.0Gbps;0.35;1.0;0.03
	20.0Gbps;0.35;1.0;0.03
	40.0Gbps;0.35;1.0;0.03
	80.0Gbps;0.35;1.0;0.03
	160.0Gbps;0.35;1.0;0.03
	320.0Gbps;0.35;1.0;0.03
6->13
	10.0Gbps;0.35;1.0;0.03
	20.0Gbps;0.35;1.0;0.03
	40.0Gbps;0.35;1.0;0.03
	80.0Gbps;0.35;1.0;0.03
	160.0Gbps;0.35;1.0;0.03
	320.0Gbps;0.35;1.0;0.03
6->14
	10.0Gbps;0.35;1.0;0.03
	20.0Gbps;0.35;1.0;0.03
	40.0Gbps;0.35;1.0;0.03
	80.0Gbps;0.35;1.0;0.03
	160.0Gbps;0.35;1.0;0.03
	320.0Gbps;0.35;1.0;0.03
6->15
	10.0Gbps;0.35;1.0;0.03
	20.0Gbps;0.35;1.0;0.03
	40.0Gbps;0.35;1.0;0.03
	80.0Gbps;0.35;1.0;0.03
	160.0Gbps;0.35;1.0;0.03
	320.0Gbps;0.35;1.0;0.03
6->16
	10.0Gbps;0.35;1.0;0.03
	20.0Gbps;0.35;1.0;0.03
	40.0Gbps;0.35;1.0;0.03
	80.0Gbps;0.35;1.0;0.03
	160.0Gbps;0.35;1.0;0.03
	320.0Gbps;0.35;1.0;0.03
6->17
	10.0Gbps;0.35;1.0;0.03
	20.0Gbps;0.35;1.0;0.03
	40.0Gbps;0.35;1.0;0.03
	80.0Gbps;0.35;1.0;0.03
	160.0Gbps;0.35;1.0;0.03
	320.0Gbps;0.35;1.0;0.03
6->18
	10.0Gbps;0.35;1.0;0.03
	20.0Gbps;0.35;1.0;0.03
	40.0Gbps;0.35;1.0;0.03
	80.0Gbps;0.35;1.0;0.03
	160.0Gbps;0.35;1.0;0.03
	320.0Gbps;0.35;1.0;0.03
6->19
	10.0Gbps;0.35;1.0;0.03
	20.0Gbps;0.35;1.0;0.03
	40.0Gbps;0.35;1.0;0.03
	80.0Gbps;0.35;1.0;0.03
	160.0Gbps;0.35;1.0;0.03
	320.0Gbps;0.35;1.0;0.03
6->20
	10.0Gbps;0.35;1.0;0.03
	20.0Gbps;0.35;1.0;0.03
	40.0Gbps;0.35;1.0;0.03
	80.0Gbps;0.35;1.0;0.03
	160.0Gbps;0.35;1.0;0.03
	320.0Gbps;0.35;1.0;0.03
6->21
	10.0Gbps;0.35;1.0;0.03
	20.0Gbps;0.35;1.0;0.03
	40.0Gbps;0.35;1.0;0.03
	80.0Gbps;0.35;1.0;0.03
	160.0Gbps;0.35;1.0;0.03
	320.0Gbps;0.35;1.0;0.03
6->22
	10.0Gbps;0.35;1.0;0.03
	20.0Gbps;0.35;1.0;0.03
	40.0Gbps;0.35;1.0;0.03
	80.0Gbps;0.35;1.0;0.03
	160.0Gbps;0.35;1.0;0.03
	320.0Gbps;0.35;1.0;0.03
6->23
	10.0Gbps;0.35;1.0;0.03
	20.0Gbps;0.35;1.0;0.03
	40.0Gbps;0.35;1.0;0.03
	80.0Gbps;0.35;1.0;0.03
	160.0Gbps;0.35;1.0;0.03
	320.0Gbps;0.35;1.0;0.03
6->24
	10.0Gbps;0.35;1.0;0.03
	20.0Gbps;0.35;1.0;0.03
	40.0Gbps;0.35;1.0;0.03
	80.0Gbps;0.35;1.0;0.03
	160.0Gbps;0.35;1.0;0.03
	320.0Gbps;0.35;1.0;0.03
7->1
	10.0Gbps;0.35;1.0;0.03
	20.0Gbps;0.35;1.0;0.03
	40.0Gbps;0.35;1.0;0.03
	80.0Gbps;0.35;1.0;0.03
	160.0Gbps;0.35;1.0;0.03
	320.0Gbps;0.35;1.0;0.03
7->2
	10.0Gbps;0.35;1.0;0.03
	20.0Gbps;0.35;1.0;0.03
	40.0Gbps;0.35;1.0;0.03
	80.0Gbps;0.35;1.0;0.03
	160.0Gbps;0.35;1.0;0.03
	320.0Gbps;0.35;1.0;0.03
7->3
	10.0Gbps;0.35;1.0;0.03
	20.0Gbps;0.35;1.0;0.03
	40.0Gbps;0.35;1.0;0.03
	80.0Gbps;0.35;1.0;0.03
	160.0Gbps;0.35;1.0;0.03
	320.0Gbps;0.35;1.0;0.03
7->4
	10.0Gbps;0.35;1.0;0.03
	20.0Gbps;0.35;1.0;0.03
	40.0Gbps;0.35;1.0;0.03
	80.0Gbps;0.35;1.0;0.03
	160.0Gbps;0.35;1.0;0.03
	320.0Gbps;0.35;1.0;0.03
7->5
	10.0Gbps;0.35;1.0;0.03
	20.0Gbps;0.35;1.0;0.03
	40.0Gbps;0.35;1.0;0.03
	80.0Gbps;0.35;1.0;0.03
	160.0Gbps;0.35;1.0;0.03
	320.0Gbps;0.35;1.0;0.03
7->6
	10.0Gbps;0.35;1.0;0.03
	20.0Gbps;0.35;1.0;0.03
	40.0Gbps;0.35;1.0;0.03
	80.0Gbps;0.35;1.0;0.03
	160.0Gbps;0.35;1.0;0.03
	320.0Gbps;0.35;1.0;0.03
7->8
	10.0Gbps;0.35;1.0;0.03
	20.0Gbps;0.35;1.0;0.03
	40.0Gbps;0.35;1.0;0.03
	80.0Gbps;0.35;1.0;0.03
	160.0Gbps;0.35;1.0;0.03
	320.0Gbps;0.35;1.0;0.03
7->9
	10.0Gbps;0.35;1.0;0.03
	20.0Gbps;0.35;1.0;0.03
	40.0Gbps;0.35;1.0;0.03
	80.0Gbps;0.35;1.0;0.03
	160.0Gbps;0.35;1.0;0.03
	320.0Gbps;0.35;1.0;0.03
7->10
	10.0Gbps;0.35;1.0;0.03
	20.0Gbps;0.35;1.0;0.03
	40.0Gbps;0.35;1.0;0.03
	80.0Gbps;0.35;1.0;0.03
	160.0Gbps;0.35;1.0;0.03
	320.0Gbps;0.35;1.0;0.03
7->11
	10.0Gbps;0.35;1.0;0.03
	20.0Gbps;0.35;1.0;0.03
	40.0Gbps;0.35;1.0;0.03
	80.0Gbps;0.35;1.0;0.03
	160.0Gbps;0.35;1.0;0.03
	320.0Gbps;0.35;1.0;0.03
7->12
	10.0Gbps;0.35;1.0;0.03
	20.0Gbps;0.35;1.0;0.03
	40.0Gbps;0.35;1.0;0.03
	80.0Gbps;0.35;1.0;0.03
	160.0Gbps;0.35;1.0;0.03
	320.0Gbps;0.35;1.0;0.03
7->13
	10.0Gbps;0.35;1.0;0.03
	20.0Gbps;0.35;1.0;0.03
	40.0Gbps;0.35;1.0;0.03
	80.0Gbps;0.35;1.0;0.03
	160.0Gbps;0.35;1.0;0.03
	320.0Gbps;0.35;1.0;0.03
7->14
	10.0Gbps;0.35;1.0;0.03
	20.0Gbps;0.35;1.0;0.03
	40.0Gbps;0.35;1.0;0.03
	80.0Gbps;0.35;1.0;0.03
	160.0Gbps;0.35;1.0;0.03
	320.0Gbps;0.35;1.0;0.03
7->15
	10.0Gbps;0.35;1.0;0.03
	20.0Gbps;0.35;1.0;0.03
	40.0Gbps;0.35;1.0;0.03
	80.0Gbps;0.35;1.0;0.03
	160.0Gbps;0.35;1.0;0.03
	320.0Gbps;0.35;1.0;0.03
7->16
	10.0Gbps;0.35;1.0;0.03
	20.0Gbps;0.35;1.0;0.03
	40.0Gbps;0.35;1.0;0.03
	80.0Gbps;0.35;1.0;0.03
	160.0Gbps;0.35;1.0;0.03
	320.0Gbps;0.35;1.0;0.03
7->17
	10.0Gbps;0.35;1.0;0.03
	20.0Gbps;0.35;1.0;0.03
	40.0Gbps;0.35;1.0;0.03
	80.0Gbps;0.35;1.0;0.03
	160.0Gbps;0.35;1.0;0.03
	320.0Gbps;0.35;1.0;0.03
7->18
	10.0Gbps;0.35;1.0;0.03
	20.0Gbps;0.35;1.0;0.03
	40.0Gbps;0.35;1.0;0.03
	80.0Gbps;0.35;1.0;0.03
	160.0Gbps;0.35;1.0;0.03
	320.0Gbps;0.35;1.0;0.03
7->19
	10.0Gbps;0.35;1.0;0.03
	20.0Gbps;0.35;1.0;0.03
	40.0Gbps;0.35;1.0;0.03
	80.0Gbps;0.35;1.0;0.03
	160.0Gbps;0.35;1.0;0.03
	320.0Gbps;0.35;1.0;0.03
7->20
	10.0Gbps;0.35;1.0;0.03
	20.0Gbps;0.35;1.0;0.03
	40.0Gbps;0.35;1.0;0.03
	80.0Gbps;0.35;1.0;0.03
	160.0Gbps;0.35;1.0;0.03
	320.0Gbps;0.35;1.0;0.03
7->21
	10.0Gbps;0.35;1.0;0.03
	20.0Gbps;0.35;1.0;0.03
	40.0Gbps;0.35;1.0;0.03
	80.0Gbps;0.35;1.0;0.03
	160.0Gbps;0.35;1.0;0.03
	320.0Gbps;0.35;1.0;0.03
7->22
	10.0Gbps;0.35;1.0;0.03
	20.0Gbps;0.35;1.0;0.03
	40.0Gbps;0.35;1.0;0.03
	80.0Gbps;0.35;1.0;0.03
	160.0Gbps;0.35;1.0;0.03
	320.0Gbps;0.35;1.0;0.03
7->23
	10.0Gbps;0.35;1.0;0.03
	20.0Gbps;0.35;1.0;0.03
	40.0Gbps;0.35;1.0;0.03
	80.0Gbps;0.35;1.0;0.03
	160.0Gbps;0.35;1.0;0.03
	320.0Gbps;0.35;1.0;0.03
7->24
	10.0Gbps;0.35;1.0;0.03
	20.0Gbps;0.35;1.0;0.03
	40.0Gbps;0.35;1.0;0.03
	80.0Gbps;0.35;1.0;0.03
	160.0Gbps;0.35;1.0;0.03
	320.0Gbps;0.35;1.0;0.03
8->1
	10.0Gbps;0.35;1.0;0.03
	20.0Gbps;0.35;1.0;0.03
	40.0Gbps;0.35;1.0;0.03
	80.0Gbps;0.35;1.0;0.03
	160.0Gbps;0.35;1.0;0.03
	320.0Gbps;0.35;1.0;0.03
8->2
	10.0Gbps;0.35;1.0;0.03
	20.0Gbps;0.35;1.0;0.03
	40.0Gbps;0.35;1.0;0.03
	80.0Gbps;0.35;1.0;0.03
	160.0Gbps;0.35;1.0;0.03
	320.0Gbps;0.35;1.0;0.03
8->3
	10.0Gbps;0.35;1.0;0.03
	20.0Gbps;0.35;1.0;0.03
	40.0Gbps;0.35;1.0;0.03
	80.0Gbps;0.35;1.0;0.03
	160.0Gbps;0.35;1.0;0.03
	320.0Gbps;0.35;1.0;0.03
8->4
	10.0Gbps;0.35;1.0;0.03
	20.0Gbps;0.35;1.0;0.03
	40.0Gbps;0.35;1.0;0.03
	80.0Gbps;0.35;1.0;0.03
	160.0Gbps;0.35;1.0;0.03
	320.0Gbps;0.35;1.0;0.03
8->5
	10.0Gbps;0.35;1.0;0.03
	20.0Gbps;0.35;1.0;0.03
	40.0Gbps;0.35;1.0;0.03
	80.0Gbps;0.35;1.0;0.03
	160.0Gbps;0.35;1.0;0.03
	320.0Gbps;0.35;1.0;0.03
8->6
	10.0Gbps;0.35;1.0;0.03
	20.0Gbps;0.35;1.0;0.03
	40.0Gbps;0.35;1.0;0.03
	80.0Gbps;0.35;1.0;0.03
	160.0Gbps;0.35;1.0;0.03
	320.0Gbps;0.35;1.0;0.03
8->7
	10.0Gbps;0.35;1.0;0.03
	20.0Gbps;0.35;1.0;0.03
	40.0Gbps;0.35;1.0;0.03
	80.0Gbps;0.35;1.0;0.03
	160.0Gbps;0.35;1.0;0.03
	320.0Gbps;0.35;1.0;0.03
8->9
	10.0Gbps;0.35;1.0;0.03
	20.0Gbps;0.35;1.0;0.03
	40.0Gbps;0.35;1.0;0.03
	80.0Gbps;0.35;1.0;0.03
	160.0Gbps;0.35;1.0;0.03
	320.0Gbps;0.35;1.0;0.03
8->10
	10.0Gbps;0.35;1.0;0.03
	20.0Gbps;0.35;1.0;0.03
	40.0Gbps;0.35;1.0;0.03
	80.0Gbps;0.35;1.0;0.03
	160.0Gbps;0.35;1.0;0.03
	320.0Gbps;0.35;1.0;0.03
8->11
	10.0Gbps;0.35;1.0;0.03
	20.0Gbps;0.35;1.0;0.03
	40.0Gbps;0.35;1.0;0.03
	80.0Gbps;0.35;1.0;0.03
	160.0Gbps;0.35;1.0;0.03
	320.0Gbps;0.35;1.0;0.03
8->12
	10.0Gbps;0.35;1.0;0.03
	20.0Gbps;0.35;1.0;0.03
	40.0Gbps;0.35;1.0;0.03
	80.0Gbps;0.35;1.0;0.03
	160.0Gbps;0.35;1.0;0.03
	320.0Gbps;0.35;1.0;0.03
8->13
	10.0Gbps;0.35;1.0;0.03
	20.0Gbps;0.35;1.0;0.03
	40.0Gbps;0.35;1.0;0.03
	80.0Gbps;0.35;1.0;0.03
	160.0Gbps;0.35;1.0;0.03
	320.0Gbps;0.35;1.0;0.03
8->14
	10.0Gbps;0.35;1.0;0.03
	20.0Gbps;0.35;1.0;0.03
	40.0Gbps;0.35;1.0;0.03
	80.0Gbps;0.35;1.0;0.03
	160.0Gbps;0.35;1.0;0.03
	320.0Gbps;0.35;1.0;0.03
8->15
	10.0Gbps;0.35;1.0;0.03
	20.0Gbps;0.35;1.0;0.03
	40.0Gbps;0.35;1.0;0.03
	80.0Gbps;0.35;1.0;0.03
	160.0Gbps;0.35;1.0;0.03
	320.0Gbps;0.35;1.0;0.03
8->16
	10.0Gbps;0.35;1.0;0.03
	20.0Gbps;0.35;1.0;0.03
	40.0Gbps;0.35;1.0;0.03
	80.0Gbps;0.35;1.0;0.03
	160.0Gbps;0.35;1.0;0.03
	320.0Gbps;0.35;1.0;0.03
8->17
	10.0Gbps;0.35;1.0;0.03
	20.0Gbps;0.35;1.0;0.03
	40.0Gbps;0.35;1.0;0.03
	80.0Gbps;0.35;1.0;0.03
	160.0Gbps;0.35;1.0;0.03
	320.0Gbps;0.35;1.0;0.03
8->18
	10.0Gbps;0.35;1.0;0.03
	20.0Gbps;0.35;1.0;0.03
	40.0Gbps;0.35;1.0;0.03
	80.0Gbps;0.35;1.0;0.03
	160.0Gbps;0.35;1.0;0.03
	320.0Gbps;0.35;1.0;0.03
8->19
	10.0Gbps;0.35;1.0;0.03
	20.0Gbps;0.35;1.0;0.03
	40.0Gbps;0.35;1.0;0.03
	80.0Gbps;0.35;1.0;0.03
	160.0Gbps;0.35;1.0;0.03
	320.0Gbps;0.35;1.0;0.03
8->20
	10.0Gbps;0.35;1.0;0.03
	20.0Gbps;0.35;1.0;0.03
	40.0Gbps;0.35;1.0;0.03
	80.0Gbps;0.35;1.0;0.03
	160.0Gbps;0.35;1.0;0.03
	320.0Gbps;0.35;1.0;0.03
8->21
	10.0Gbps;0.35;1.0;0.03
	20.0Gbps;0.35;1.0;0.03
	40.0Gbps;0.35;1.0;0.03
	80.0Gbps;0.35;1.0;0.03
	160.0Gbps;0.35;1.0;0.03
	320.0Gbps;0.35;1.0;0.03
8->22
	10.0Gbps;0.35;1.0;0.03
	20.0Gbps;0.35;1.0;0.03
	40.0Gbps;0.35;1.0;0.03
	80.0Gbps;0.35;1.0;0.03
	160.0Gbps;0.35;1.0;0.03
	320.0Gbps;0.35;1.0;0.03
8->23
	10.0Gbps;0.35;1.0;0.03
	20.0Gbps;0.35;1.0;0.03
	40.0Gbps;0.35;1.0;0.03
	80.0Gbps;0.35;1.0;0.03
	160.0Gbps;0.35;1.0;0.03
	320.0Gbps;0.35;1.0;0.03
8->24
	10.0Gbps;0.35;1.0;0.03
	20.0Gbps;0.35;1.0;0.03
	40.0Gbps;0.35;1.0;0.03
	80.0Gbps;0.35;1.0;0.03
	160.0Gbps;0.35;1.0;0.03
	320.0Gbps;0.35;1.0;0.03
9->1
	10.0Gbps;0.35;1.0;0.03
	20.0Gbps;0.35;1.0;0.03
	40.0Gbps;0.35;1.0;0.03
	80.0Gbps;0.35;1.0;0.03
	160.0Gbps;0.35;1.0;0.03
	320.0Gbps;0.35;1.0;0.03
9->2
	10.0Gbps;0.35;1.0;0.03
	20.0Gbps;0.35;1.0;0.03
	40.0Gbps;0.35;1.0;0.03
	80.0Gbps;0.35;1.0;0.03
	160.0Gbps;0.35;1.0;0.03
	320.0Gbps;0.35;1.0;0.03
9->3
	10.0Gbps;0.35;1.0;0.03
	20.0Gbps;0.35;1.0;0.03
	40.0Gbps;0.35;1.0;0.03
	80.0Gbps;0.35;1.0;0.03
	160.0Gbps;0.35;1.0;0.03
	320.0Gbps;0.35;1.0;0.03
9->4
	10.0Gbps;0.35;1.0;0.03
	20.0Gbps;0.35;1.0;0.03
	40.0Gbps;0.35;1.0;0.03
	80.0Gbps;0.35;1.0;0.03
	160.0Gbps;0.35;1.0;0.03
	320.0Gbps;0.35;1.0;0.03
9->5
	10.0Gbps;0.35;1.0;0.03
	20.0Gbps;0.35;1.0;0.03
	40.0Gbps;0.35;1.0;0.03
	80.0Gbps;0.35;1.0;0.03
	160.0Gbps;0.35;1.0;0.03
	320.0Gbps;0.35;1.0;0.03
9->6
	10.0Gbps;0.35;1.0;0.03
	20.0Gbps;0.35;1.0;0.03
	40.0Gbps;0.35;1.0;0.03
	80.0Gbps;0.35;1.0;0.03
	160.0Gbps;0.35;1.0;0.03
	320.0Gbps;0.35;1.0;0.03
9->7
	10.0Gbps;0.35;1.0;0.03
	20.0Gbps;0.35;1.0;0.03
	40.0Gbps;0.35;1.0;0.03
	80.0Gbps;0.35;1.0;0.03
	160.0Gbps;0.35;1.0;0.03
	320.0Gbps;0.35;1.0;0.03
9->8
	10.0Gbps;0.35;1.0;0.03
	20.0Gbps;0.35;1.0;0.03
	40.0Gbps;0.35;1.0;0.03
	80.0Gbps;0.35;1.0;0.03
	160.0Gbps;0.35;1.0;0.03
	320.0Gbps;0.35;1.0;0.03
9->10
	10.0Gbps;0.35;1.0;0.03
	20.0Gbps;0.35;1.0;0.03
	40.0Gbps;0.35;1.0;0.03
	80.0Gbps;0.35;1.0;0.03
	160.0Gbps;0.35;1.0;0.03
	320.0Gbps;0.35;1.0;0.03
9->11
	10.0Gbps;0.35;1.0;0.03
	20.0Gbps;0.35;1.0;0.03
	40.0Gbps;0.35;1.0;0.03
	80.0Gbps;0.35;1.0;0.03
	160.0Gbps;0.35;1.0;0.03
	320.0Gbps;0.35;1.0;0.03
9->12
	10.0Gbps;0.35;1.0;0.03
	20.0Gbps;0.35;1.0;0.03
	40.0Gbps;0.35;1.0;0.03
	80.0Gbps;0.35;1.0;0.03
	160.0Gbps;0.35;1.0;0.03
	320.0Gbps;0.35;1.0;0.03
9->13
	10.0Gbps;0.35;1.0;0.03
	20.0Gbps;0.35;1.0;0.03
	40.0Gbps;0.35;1.0;0.03
	80.0Gbps;0.35;1.0;0.03
	160.0Gbps;0.35;1.0;0.03
	320.0Gbps;0.35;1.0;0.03
9->14
	10.0Gbps;0.35;1.0;0.03
	20.0Gbps;0.35;1.0;0.03
	40.0Gbps;0.35;1.0;0.03
	80.0Gbps;0.35;1.0;0.03
	160.0Gbps;0.35;1.0;0.03
	320.0Gbps;0.35;1.0;0.03
9->15
	10.0Gbps;0.35;1.0;0.03
	20.0Gbps;0.35;1.0;0.03
	40.0Gbps;0.35;1.0;0.03
	80.0Gbps;0.35;1.0;0.03
	160.0Gbps;0.35;1.0;0.03
	320.0Gbps;0.35;1.0;0.03
9->16
	10.0Gbps;0.35;1.0;0.03
	20.0Gbps;0.35;1.0;0.03
	40.0Gbps;0.35;1.0;0.03
	80.0Gbps;0.35;1.0;0.03
	160.0Gbps;0.35;1.0;0.03
	320.0Gbps;0.35;1.0;0.03
9->17
	10.0Gbps;0.35;1.0;0.03
	20.0Gbps;0.35;1.0;0.03
	40.0Gbps;0.35;1.0;0.03
	80.0Gbps;0.35;1.0;0.03
	160.0Gbps;0.35;1.0;0.03
	320.0Gbps;0.35;1.0;0.03
9->18
	10.0Gbps;0.35;1.0;0.03
	20.0Gbps;0.35;1.0;0.03
	40.0Gbps;0.35;1.0;0.03
	80.0Gbps;0.35;1.0;0.03
	160.0Gbps;0.35;1.0;0.03
	320.0Gbps;0.35;1.0;0.03
9->19
	10.0Gbps;0.35;1.0;0.03
	20.0Gbps;0.35;1.0;0.03
	40.0Gbps;0.35;1.0;0.03
	80.0Gbps;0.35;1.0;0.03
	160.0Gbps;0.35;1.0;0.03
	320.0Gbps;0.35;1.0;0.03
9->20
	10.0Gbps;0.35;1.0;0.03
	20.0Gbps;0.35;1.0;0.03
	40.0Gbps;0.35;1.0;0.03
	80.0Gbps;0.35;1.0;0.03
	160.0Gbps;0.35;1.0;0.03
	320.0Gbps;0.35;1.0;0.03
9->21
	10.0Gbps;0.35;1.0;0.03
	20.0Gbps;0.35;1.0;0.03
	40.0Gbps;0.35;1.0;0.03
	80.0Gbps;0.35;1.0;0.03
	160.0Gbps;0.35;1.0;0.03
	320.0Gbps;0.35;1.0;0.03
9->22
	10.0Gbps;0.35;1.0;0.03
	20.0Gbps;0.35;1.0;0.03
	40.0Gbps;0.35;1.0;0.03
	80.0Gbps;0.35;1.0;0.03
	160.0Gbps;0.35;1.0;0.03
	320.0Gbps;0.35;1.0;0.03
9->23
	10.0Gbps;0.35;1.0;0.03
	20.0Gbps;0.35;1.0;0.03
	40.0Gbps;0.35;1.0;0.03
	80.0Gbps;0.35;1.0;0.03
	160.0Gbps;0.35;1.0;0.03
	320.0Gbps;0.35;1.0;0.03
9->24
	10.0Gbps;0.35;1.0;0.03
	20.0Gbps;0.35;1.0;0.03
	40.0Gbps;0.35;1.0;0.03
	80.0Gbps;0.35;1.0;0.03
	160.0Gbps;0.35;1.0;0.03
	320.0Gbps;0.35;1.0;0.03
10->1
	10.0Gbps;0.35;1.0;0.03
	20.0Gbps;0.35;1.0;0.03
	40.0Gbps;0.35;1.0;0.03
	80.0Gbps;0.35;1.0;0.03
	160.0Gbps;0.35;1.0;0.03
	320.0Gbps;0.35;1.0;0.03
10->2
	10.0Gbps;0.35;1.0;0.03
	20.0Gbps;0.35;1.0;0.03
	40.0Gbps;0.35;1.0;0.03
	80.0Gbps;0.35;1.0;0.03
	160.0Gbps;0.35;1.0;0.03
	320.0Gbps;0.35;1.0;0.03
10->3
	10.0Gbps;0.35;1.0;0.03
	20.0Gbps;0.35;1.0;0.03
	40.0Gbps;0.35;1.0;0.03
	80.0Gbps;0.35;1.0;0.03
	160.0Gbps;0.35;1.0;0.03
	320.0Gbps;0.35;1.0;0.03
10->4
	10.0Gbps;0.35;1.0;0.03
	20.0Gbps;0.35;1.0;0.03
	40.0Gbps;0.35;1.0;0.03
	80.0Gbps;0.35;1.0;0.03
	160.0Gbps;0.35;1.0;0.03
	320.0Gbps;0.35;1.0;0.03
10->5
	10.0Gbps;0.35;1.0;0.03
	20.0Gbps;0.35;1.0;0.03
	40.0Gbps;0.35;1.0;0.03
	80.0Gbps;0.35;1.0;0.03
	160.0Gbps;0.35;1.0;0.03
	320.0Gbps;0.35;1.0;0.03
10->6
	10.0Gbps;0.35;1.0;0.03
	20.0Gbps;0.35;1.0;0.03
	40.0Gbps;0.35;1.0;0.03
	80.0Gbps;0.35;1.0;0.03
	160.0Gbps;0.35;1.0;0.03
	320.0Gbps;0.35;1.0;0.03
10->7
	10.0Gbps;0.35;1.0;0.03
	20.0Gbps;0.35;1.0;0.03
	40.0Gbps;0.35;1.0;0.03
	80.0Gbps;0.35;1.0;0.03
	160.0Gbps;0.35;1.0;0.03
	320.0Gbps;0.35;1.0;0.03
10->8
	10.0Gbps;0.35;1.0;0.03
	20.0Gbps;0.35;1.0;0.03
	40.0Gbps;0.35;1.0;0.03
	80.0Gbps;0.35;1.0;0.03
	160.0Gbps;0.35;1.0;0.03
	320.0Gbps;0.35;1.0;0.03
10->9
	10.0Gbps;0.35;1.0;0.03
	20.0Gbps;0.35;1.0;0.03
	40.0Gbps;0.35;1.0;0.03
	80.0Gbps;0.35;1.0;0.03
	160.0Gbps;0.35;1.0;0.03
	320.0Gbps;0.35;1.0;0.03
10->11
	10.0Gbps;0.35;1.0;0.03
	20.0Gbps;0.35;1.0;0.03
	40.0Gbps;0.35;1.0;0.03
	80.0Gbps;0.35;1.0;0.03
	160.0Gbps;0.35;1.0;0.03
	320.0Gbps;0.35;1.0;0.03
10->12
	10.0Gbps;0.35;1.0;0.03
	20.0Gbps;0.35;1.0;0.03
	40.0Gbps;0.35;1.0;0.03
	80.0Gbps;0.35;1.0;0.03
	160.0Gbps;0.35;1.0;0.03
	320.0Gbps;0.35;1.0;0.03
10->13
	10.0Gbps;0.35;1.0;0.03
	20.0Gbps;0.35;1.0;0.03
	40.0Gbps;0.35;1.0;0.03
	80.0Gbps;0.35;1.0;0.03
	160.0Gbps;0.35;1.0;0.03
	320.0Gbps;0.35;1.0;0.03
10->14
	10.0Gbps;0.35;1.0;0.03
	20.0Gbps;0.35;1.0;0.03
	40.0Gbps;0.35;1.0;0.03
	80.0Gbps;0.35;1.0;0.03
	160.0Gbps;0.35;1.0;0.03
	320.0Gbps;0.35;1.0;0.03
10->15
	10.0Gbps;0.35;1.0;0.03
	20.0Gbps;0.35;1.0;0.03
	40.0Gbps;0.35;1.0;0.03
	80.0Gbps;0.35;1.0;0.03
	160.0Gbps;0.35;1.0;0.03
	320.0Gbps;0.35;1.0;0.03
10->16
	10.0Gbps;0.35;1.0;0.03
	20.0Gbps;0.35;1.0;0.03
	40.0Gbps;0.35;1.0;0.03
	80.0Gbps;0.35;1.0;0.03
	160.0Gbps;0.35;1.0;0.03
	320.0Gbps;0.35;1.0;0.03
10->17
	10.0Gbps;0.35;1.0;0.03
	20.0Gbps;0.35;1.0;0.03
	40.0Gbps;0.35;1.0;0.03
	80.0Gbps;0.35;1.0;0.03
	160.0Gbps;0.35;1.0;0.03
	320.0Gbps;0.35;1.0;0.03
10->18
	10.0Gbps;0.35;1.0;0.03
	20.0Gbps;0.35;1.0;0.03
	40.0Gbps;0.35;1.0;0.03
	80.0Gbps;0.35;1.0;0.03
	160.0Gbps;0.35;1.0;0.03
	320.0Gbps;0.35;1.0;0.03
10->19
	10.0Gbps;0.35;1.0;0.03
	20.0Gbps;0.35;1.0;0.03
	40.0Gbps;0.35;1.0;0.03
	80.0Gbps;0.35;1.0;0.03
	160.0Gbps;0.35;1.0;0.03
	320.0Gbps;0.35;1.0;0.03
10->20
	10.0Gbps;0.35;1.0;0.03
	20.0Gbps;0.35;1.0;0.03
	40.0Gbps;0.35;1.0;0.03
	80.0Gbps;0.35;1.0;0.03
	160.0Gbps;0.35;1.0;0.03
	320.0Gbps;0.35;1.0;0.03
10->21
	10.0Gbps;0.35;1.0;0.03
	20.0Gbps;0.35;1.0;0.03
	40.0Gbps;0.35;1.0;0.03
	80.0Gbps;0.35;1.0;0.03
	160.0Gbps;0.35;1.0;0.03
	320.0Gbps;0.35;1.0;0.03
10->22
	10.0Gbps;0.35;1.0;0.03
	20.0Gbps;0.35;1.0;0.03
	40.0Gbps;0.35;1.0;0.03
	80.0Gbps;0.35;1.0;0.03
	160.0Gbps;0.35;1.0;0.03
	320.0Gbps;0.35;1.0;0.03
10->23
	10.0Gbps;0.35;1.0;0.03
	20.0Gbps;0.35;1.0;0.03
	40.0Gbps;0.35;1.0;0.03
	80.0Gbps;0.35;1.0;0.03
	160.0Gbps;0.35;1.0;0.03
	320.0Gbps;0.35;1.0;0.03
10->24
	10.0Gbps;0.35;1.0;0.03
	20.0Gbps;0.35;1.0;0.03
	40.0Gbps;0.35;1.0;0.03
	80.0Gbps;0.35;1.0;0.03
	160.0Gbps;0.35;1.0;0.03
	320.0Gbps;0.35;1.0;0.03
11->1
	10.0Gbps;0.35;1.0;0.03
	20.0Gbps;0.35;1.0;0.03
	40.0Gbps;0.35;1.0;0.03
	80.0Gbps;0.35;1.0;0.03
	160.0Gbps;0.35;1.0;0.03
	320.0Gbps;0.35;1.0;0.03
11->2
	10.0Gbps;0.35;1.0;0.03
	20.0Gbps;0.35;1.0;0.03
	40.0Gbps;0.35;1.0;0.03
	80.0Gbps;0.35;1.0;0.03
	160.0Gbps;0.35;1.0;0.03
	320.0Gbps;0.35;1.0;0.03
11->3
	10.0Gbps;0.35;1.0;0.03
	20.0Gbps;0.35;1.0;0.03
	40.0Gbps;0.35;1.0;0.03
	80.0Gbps;0.35;1.0;0.03
	160.0Gbps;0.35;1.0;0.03
	320.0Gbps;0.35;1.0;0.03
11->4
	10.0Gbps;0.35;1.0;0.03
	20.0Gbps;0.35;1.0;0.03
	40.0Gbps;0.35;1.0;0.03
	80.0Gbps;0.35;1.0;0.03
	160.0Gbps;0.35;1.0;0.03
	320.0Gbps;0.35;1.0;0.03
11->5
	10.0Gbps;0.35;1.0;0.03
	20.0Gbps;0.35;1.0;0.03
	40.0Gbps;0.35;1.0;0.03
	80.0Gbps;0.35;1.0;0.03
	160.0Gbps;0.35;1.0;0.03
	320.0Gbps;0.35;1.0;0.03
11->6
	10.0Gbps;0.35;1.0;0.03
	20.0Gbps;0.35;1.0;0.03
	40.0Gbps;0.35;1.0;0.03
	80.0Gbps;0.35;1.0;0.03
	160.0Gbps;0.35;1.0;0.03
	320.0Gbps;0.35;1.0;0.03
11->7
	10.0Gbps;0.35;1.0;0.03
	20.0Gbps;0.35;1.0;0.03
	40.0Gbps;0.35;1.0;0.03
	80.0Gbps;0.35;1.0;0.03
	160.0Gbps;0.35;1.0;0.03
	320.0Gbps;0.35;1.0;0.03
11->8
	10.0Gbps;0.35;1.0;0.03
	20.0Gbps;0.35;1.0;0.03
	40.0Gbps;0.35;1.0;0.03
	80.0Gbps;0.35;1.0;0.03
	160.0Gbps;0.35;1.0;0.03
	320.0Gbps;0.35;1.0;0.03
11->9
	10.0Gbps;0.35;1.0;0.03
	20.0Gbps;0.35;1.0;0.03
	40.0Gbps;0.35;1.0;0.03
	80.0Gbps;0.35;1.0;0.03
	160.0Gbps;0.35;1.0;0.03
	320.0Gbps;0.35;1.0;0.03
11->10
	10.0Gbps;0.35;1.0;0.03
	20.0Gbps;0.35;1.0;0.03
	40.0Gbps;0.35;1.0;0.03
	80.0Gbps;0.35;1.0;0.03
	160.0Gbps;0.35;1.0;0.03
	320.0Gbps;0.35;1.0;0.03
11->12
	10.0Gbps;0.35;1.0;0.03
	20.0Gbps;0.35;1.0;0.03
	40.0Gbps;0.35;1.0;0.03
	80.0Gbps;0.35;1.0;0.03
	160.0Gbps;0.35;1.0;0.03
	320.0Gbps;0.35;1.0;0.03
11->13
	10.0Gbps;0.35;1.0;0.03
	20.0Gbps;0.35;1.0;0.03
	40.0Gbps;0.35;1.0;0.03
	80.0Gbps;0.35;1.0;0.03
	160.0Gbps;0.35;1.0;0.03
	320.0Gbps;0.35;1.0;0.03
11->14
	10.0Gbps;0.35;1.0;0.03
	20.0Gbps;0.35;1.0;0.03
	40.0Gbps;0.35;1.0;0.03
	80.0Gbps;0.35;1.0;0.03
	160.0Gbps;0.35;1.0;0.03
	320.0Gbps;0.35;1.0;0.03
11->15
	10.0Gbps;0.35;1.0;0.03
	20.0Gbps;0.35;1.0;0.03
	40.0Gbps;0.35;1.0;0.03
	80.0Gbps;0.35;1.0;0.03
	160.0Gbps;0.35;1.0;0.03
	320.0Gbps;0.35;1.0;0.03
11->16
	10.0Gbps;0.35;1.0;0.03
	20.0Gbps;0.35;1.0;0.03
	40.0Gbps;0.35;1.0;0.03
	80.0Gbps;0.35;1.0;0.03
	160.0Gbps;0.35;1.0;0.03
	320.0Gbps;0.35;1.0;0.03
11->17
	10.0Gbps;0.35;1.0;0.03
	20.0Gbps;0.35;1.0;0.03
	40.0Gbps;0.35;1.0;0.03
	80.0Gbps;0.35;1.0;0.03
	160.0Gbps;0.35;1.0;0.03
	320.0Gbps;0.35;1.0;0.03
11->18
	10.0Gbps;0.35;1.0;0.03
	20.0Gbps;0.35;1.0;0.03
	40.0Gbps;0.35;1.0;0.03
	80.0Gbps;0.35;1.0;0.03
	160.0Gbps;0.35;1.0;0.03
	320.0Gbps;0.35;1.0;0.03
11->19
	10.0Gbps;0.35;1.0;0.03
	20.0Gbps;0.35;1.0;0.03
	40.0Gbps;0.35;1.0;0.03
	80.0Gbps;0.35;1.0;0.03
	160.0Gbps;0.35;1.0;0.03
	320.0Gbps;0.35;1.0;0.03
11->20
	10.0Gbps;0.35;1.0;0.03
	20.0Gbps;0.35;1.0;0.03
	40.0Gbps;0.35;1.0;0.03
	80.0Gbps;0.35;1.0;0.03
	160.0Gbps;0.35;1.0;0.03
	320.0Gbps;0.35;1.0;0.03
11->21
	10.0Gbps;0.35;1.0;0.03
	20.0Gbps;0.35;1.0;0.03
	40.0Gbps;0.35;1.0;0.03
	80.0Gbps;0.35;1.0;0.03
	160.0Gbps;0.35;1.0;0.03
	320.0Gbps;0.35;1.0;0.03
11->22
	10.0Gbps;0.35;1.0;0.03
	20.0Gbps;0.35;1.0;0.03
	40.0Gbps;0.35;1.0;0.03
	80.0Gbps;0.35;1.0;0.03
	160.0Gbps;0.35;1.0;0.03
	320.0Gbps;0.35;1.0;0.03
11->23
	10.0Gbps;0.35;1.0;0.03
	20.0Gbps;0.35;1.0;0.03
	40.0Gbps;0.35;1.0;0.03
	80.0Gbps;0.35;1.0;0.03
	160.0Gbps;0.35;1.0;0.03
	320.0Gbps;0.35;1.0;0.03
11->24
	10.0Gbps;0.35;1.0;0.03
	20.0Gbps;0.35;1.0;0.03
	40.0Gbps;0.35;1.0;0.03
	80.0Gbps;0.35;1.0;0.03
	160.0Gbps;0.35;1.0;0.03
	320.0Gbps;0.35;1.0;0.03
12->1
	10.0Gbps;0.35;1.0;0.03
	20.0Gbps;0.35;1.0;0.03
	40.0Gbps;0.35;1.0;0.03
	80.0Gbps;0.35;1.0;0.03
	160.0Gbps;0.35;1.0;0.03
	320.0Gbps;0.35;1.0;0.03
12->2
	10.0Gbps;0.35;1.0;0.03
	20.0Gbps;0.35;1.0;0.03
	40.0Gbps;0.35;1.0;0.03
	80.0Gbps;0.35;1.0;0.03
	160.0Gbps;0.35;1.0;0.03
	320.0Gbps;0.35;1.0;0.03
12->3
	10.0Gbps;0.35;1.0;0.03
	20.0Gbps;0.35;1.0;0.03
	40.0Gbps;0.35;1.0;0.03
	80.0Gbps;0.35;1.0;0.03
	160.0Gbps;0.35;1.0;0.03
	320.0Gbps;0.35;1.0;0.03
12->4
	10.0Gbps;0.35;1.0;0.03
	20.0Gbps;0.35;1.0;0.03
	40.0Gbps;0.35;1.0;0.03
	80.0Gbps;0.35;1.0;0.03
	160.0Gbps;0.35;1.0;0.03
	320.0Gbps;0.35;1.0;0.03
12->5
	10.0Gbps;0.35;1.0;0.03
	20.0Gbps;0.35;1.0;0.03
	40.0Gbps;0.35;1.0;0.03
	80.0Gbps;0.35;1.0;0.03
	160.0Gbps;0.35;1.0;0.03
	320.0Gbps;0.35;1.0;0.03
12->6
	10.0Gbps;0.35;1.0;0.03
	20.0Gbps;0.35;1.0;0.03
	40.0Gbps;0.35;1.0;0.03
	80.0Gbps;0.35;1.0;0.03
	160.0Gbps;0.35;1.0;0.03
	320.0Gbps;0.35;1.0;0.03
12->7
	10.0Gbps;0.35;1.0;0.03
	20.0Gbps;0.35;1.0;0.03
	40.0Gbps;0.35;1.0;0.03
	80.0Gbps;0.35;1.0;0.03
	160.0Gbps;0.35;1.0;0.03
	320.0Gbps;0.35;1.0;0.03
12->8
	10.0Gbps;0.35;1.0;0.03
	20.0Gbps;0.35;1.0;0.03
	40.0Gbps;0.35;1.0;0.03
	80.0Gbps;0.35;1.0;0.03
	160.0Gbps;0.35;1.0;0.03
	320.0Gbps;0.35;1.0;0.03
12->9
	10.0Gbps;0.35;1.0;0.03
	20.0Gbps;0.35;1.0;0.03
	40.0Gbps;0.35;1.0;0.03
	80.0Gbps;0.35;1.0;0.03
	160.0Gbps;0.35;1.0;0.03
	320.0Gbps;0.35;1.0;0.03
12->10
	10.0Gbps;0.35;1.0;0.03
	20.0Gbps;0.35;1.0;0.03
	40.0Gbps;0.35;1.0;0.03
	80.0Gbps;0.35;1.0;0.03
	160.0Gbps;0.35;1.0;0.03
	320.0Gbps;0.35;1.0;0.03
12->11
	10.0Gbps;0.35;1.0;0.03
	20.0Gbps;0.35;1.0;0.03
	40.0Gbps;0.35;1.0;0.03
	80.0Gbps;0.35;1.0;0.03
	160.0Gbps;0.35;1.0;0.03
	320.0Gbps;0.35;1.0;0.03
12->13
	10.0Gbps;0.35;1.0;0.03
	20.0Gbps;0.35;1.0;0.03
	40.0Gbps;0.35;1.0;0.03
	80.0Gbps;0.35;1.0;0.03
	160.0Gbps;0.35;1.0;0.03
	320.0Gbps;0.35;1.0;0.03
12->14
	10.0Gbps;0.35;1.0;0.03
	20.0Gbps;0.35;1.0;0.03
	40.0Gbps;0.35;1.0;0.03
	80.0Gbps;0.35;1.0;0.03
	160.0Gbps;0.35;1.0;0.03
	320.0Gbps;0.35;1.0;0.03
12->15
	10.0Gbps;0.35;1.0;0.03
	20.0Gbps;0.35;1.0;0.03
	40.0Gbps;0.35;1.0;0.03
	80.0Gbps;0.35;1.0;0.03
	160.0Gbps;0.35;1.0;0.03
	320.0Gbps;0.35;1.0;0.03
12->16
	10.0Gbps;0.35;1.0;0.03
	20.0Gbps;0.35;1.0;0.03
	40.0Gbps;0.35;1.0;0.03
	80.0Gbps;0.35;1.0;0.03
	160.0Gbps;0.35;1.0;0.03
	320.0Gbps;0.35;1.0;0.03
12->17
	10.0Gbps;0.35;1.0;0.03
	20.0Gbps;0.35;1.0;0.03
	40.0Gbps;0.35;1.0;0.03
	80.0Gbps;0.35;1.0;0.03
	160.0Gbps;0.35;1.0;0.03
	320.0Gbps;0.35;1.0;0.03
12->18
	10.0Gbps;0.35;1.0;0.03
	20.0Gbps;0.35;1.0;0.03
	40.0Gbps;0.35;1.0;0.03
	80.0Gbps;0.35;1.0;0.03
	160.0Gbps;0.35;1.0;0.03
	320.0Gbps;0.35;1.0;0.03
12->19
	10.0Gbps;0.35;1.0;0.03
	20.0Gbps;0.35;1.0;0.03
	40.0Gbps;0.35;1.0;0.03
	80.0Gbps;0.35;1.0;0.03
	160.0Gbps;0.35;1.0;0.03
	320.0Gbps;0.35;1.0;0.03
12->20
	10.0Gbps;0.35;1.0;0.03
	20.0Gbps;0.35;1.0;0.03
	40.0Gbps;0.35;1.0;0.03
	80.0Gbps;0.35;1.0;0.03
	160.0Gbps;0.35;1.0;0.03
	320.0Gbps;0.35;1.0;0.03
12->21
	10.0Gbps;0.35;1.0;0.03
	20.0Gbps;0.35;1.0;0.03
	40.0Gbps;0.35;1.0;0.03
	80.0Gbps;0.35;1.0;0.03
	160.0Gbps;0.35;1.0;0.03
	320.0Gbps;0.35;1.0;0.03
12->22
	10.0Gbps;0.35;1.0;0.03
	20.0Gbps;0.35;1.0;0.03
	40.0Gbps;0.35;1.0;0.03
	80.0Gbps;0.35;1.0;0.03
	160.0Gbps;0.35;1.0;0.03
	320.0Gbps;0.35;1.0;0.03
12->23
	10.0Gbps;0.35;1.0;0.03
	20.0Gbps;0.35;1.0;0.03
	40.0Gbps;0.35;1.0;0.03
	80.0Gbps;0.35;1.0;0.03
	160.0Gbps;0.35;1.0;0.03
	320.0Gbps;0.35;1.0;0.03
12->24
	10.0Gbps;0.35;1.0;0.03
	20.0Gbps;0.35;1.0;0.03
	40.0Gbps;0.35;1.0;0.03
	80.0Gbps;0.35;1.0;0.03
	160.0Gbps;0.35;1.0;0.03
	320.0Gbps;0.35;1.0;0.03
13->1
	10.0Gbps;0.35;1.0;0.03
	20.0Gbps;0.35;1.0;0.03
	40.0Gbps;0.35;1.0;0.03
	80.0Gbps;0.35;1.0;0.03
	160.0Gbps;0.35;1.0;0.03
	320.0Gbps;0.35;1.0;0.03
13->2
	10.0Gbps;0.35;1.0;0.03
	20.0Gbps;0.35;1.0;0.03
	40.0Gbps;0.35;1.0;0.03
	80.0Gbps;0.35;1.0;0.03
	160.0Gbps;0.35;1.0;0.03
	320.0Gbps;0.35;1.0;0.03
13->3
	10.0Gbps;0.35;1.0;0.03
	20.0Gbps;0.35;1.0;0.03
	40.0Gbps;0.35;1.0;0.03
	80.0Gbps;0.35;1.0;0.03
	160.0Gbps;0.35;1.0;0.03
	320.0Gbps;0.35;1.0;0.03
13->4
	10.0Gbps;0.35;1.0;0.03
	20.0Gbps;0.35;1.0;0.03
	40.0Gbps;0.35;1.0;0.03
	80.0Gbps;0.35;1.0;0.03
	160.0Gbps;0.35;1.0;0.03
	320.0Gbps;0.35;1.0;0.03
13->5
	10.0Gbps;0.35;1.0;0.03
	20.0Gbps;0.35;1.0;0.03
	40.0Gbps;0.35;1.0;0.03
	80.0Gbps;0.35;1.0;0.03
	160.0Gbps;0.35;1.0;0.03
	320.0Gbps;0.35;1.0;0.03
13->6
	10.0Gbps;0.35;1.0;0.03
	20.0Gbps;0.35;1.0;0.03
	40.0Gbps;0.35;1.0;0.03
	80.0Gbps;0.35;1.0;0.03
	160.0Gbps;0.35;1.0;0.03
	320.0Gbps;0.35;1.0;0.03
13->7
	10.0Gbps;0.35;1.0;0.03
	20.0Gbps;0.35;1.0;0.03
	40.0Gbps;0.35;1.0;0.03
	80.0Gbps;0.35;1.0;0.03
	160.0Gbps;0.35;1.0;0.03
	320.0Gbps;0.35;1.0;0.03
13->8
	10.0Gbps;0.35;1.0;0.03
	20.0Gbps;0.35;1.0;0.03
	40.0Gbps;0.35;1.0;0.03
	80.0Gbps;0.35;1.0;0.03
	160.0Gbps;0.35;1.0;0.03
	320.0Gbps;0.35;1.0;0.03
13->9
	10.0Gbps;0.35;1.0;0.03
	20.0Gbps;0.35;1.0;0.03
	40.0Gbps;0.35;1.0;0.03
	80.0Gbps;0.35;1.0;0.03
	160.0Gbps;0.35;1.0;0.03
	320.0Gbps;0.35;1.0;0.03
13->10
	10.0Gbps;0.35;1.0;0.03
	20.0Gbps;0.35;1.0;0.03
	40.0Gbps;0.35;1.0;0.03
	80.0Gbps;0.35;1.0;0.03
	160.0Gbps;0.35;1.0;0.03
	320.0Gbps;0.35;1.0;0.03
13->11
	10.0Gbps;0.35;1.0;0.03
	20.0Gbps;0.35;1.0;0.03
	40.0Gbps;0.35;1.0;0.03
	80.0Gbps;0.35;1.0;0.03
	160.0Gbps;0.35;1.0;0.03
	320.0Gbps;0.35;1.0;0.03
13->12
	10.0Gbps;0.35;1.0;0.03
	20.0Gbps;0.35;1.0;0.03
	40.0Gbps;0.35;1.0;0.03
	80.0Gbps;0.35;1.0;0.03
	160.0Gbps;0.35;1.0;0.03
	320.0Gbps;0.35;1.0;0.03
13->14
	10.0Gbps;0.35;1.0;0.03
	20.0Gbps;0.35;1.0;0.03
	40.0Gbps;0.35;1.0;0.03
	80.0Gbps;0.35;1.0;0.03
	160.0Gbps;0.35;1.0;0.03
	320.0Gbps;0.35;1.0;0.03
13->15
	10.0Gbps;0.35;1.0;0.03
	20.0Gbps;0.35;1.0;0.03
	40.0Gbps;0.35;1.0;0.03
	80.0Gbps;0.35;1.0;0.03
	160.0Gbps;0.35;1.0;0.03
	320.0Gbps;0.35;1.0;0.03
13->16
	10.0Gbps;0.35;1.0;0.03
	20.0Gbps;0.35;1.0;0.03
	40.0Gbps;0.35;1.0;0.03
	80.0Gbps;0.35;1.0;0.03
	160.0Gbps;0.35;1.0;0.03
	320.0Gbps;0.35;1.0;0.03
13->17
	10.0Gbps;0.35;1.0;0.03
	20.0Gbps;0.35;1.0;0.03
	40.0Gbps;0.35;1.0;0.03
	80.0Gbps;0.35;1.0;0.03
	160.0Gbps;0.35;1.0;0.03
	320.0Gbps;0.35;1.0;0.03
13->18
	10.0Gbps;0.35;1.0;0.03
	20.0Gbps;0.35;1.0;0.03
	40.0Gbps;0.35;1.0;0.03
	80.0Gbps;0.35;1.0;0.03
	160.0Gbps;0.35;1.0;0.03
	320.0Gbps;0.35;1.0;0.03
13->19
	10.0Gbps;0.35;1.0;0.03
	20.0Gbps;0.35;1.0;0.03
	40.0Gbps;0.35;1.0;0.03
	80.0Gbps;0.35;1.0;0.03
	160.0Gbps;0.35;1.0;0.03
	320.0Gbps;0.35;1.0;0.03
13->20
	10.0Gbps;0.35;1.0;0.03
	20.0Gbps;0.35;1.0;0.03
	40.0Gbps;0.35;1.0;0.03
	80.0Gbps;0.35;1.0;0.03
	160.0Gbps;0.35;1.0;0.03
	320.0Gbps;0.35;1.0;0.03
13->21
	10.0Gbps;0.35;1.0;0.03
	20.0Gbps;0.35;1.0;0.03
	40.0Gbps;0.35;1.0;0.03
	80.0Gbps;0.35;1.0;0.03
	160.0Gbps;0.35;1.0;0.03
	320.0Gbps;0.35;1.0;0.03
13->22
	10.0Gbps;0.35;1.0;0.03
	20.0Gbps;0.35;1.0;0.03
	40.0Gbps;0.35;1.0;0.03
	80.0Gbps;0.35;1.0;0.03
	160.0Gbps;0.35;1.0;0.03
	320.0Gbps;0.35;1.0;0.03
13->23
	10.0Gbps;0.35;1.0;0.03
	20.0Gbps;0.35;1.0;0.03
	40.0Gbps;0.35;1.0;0.03
	80.0Gbps;0.35;1.0;0.03
	160.0Gbps;0.35;1.0;0.03
	320.0Gbps;0.35;1.0;0.03
13->24
	10.0Gbps;0.35;1.0;0.03
	20.0Gbps;0.35;1.0;0.03
	40.0Gbps;0.35;1.0;0.03
	80.0Gbps;0.35;1.0;0.03
	160.0Gbps;0.35;1.0;0.03
	320.0Gbps;0.35;1.0;0.03
14->1
	10.0Gbps;0.35;1.0;0.03
	20.0Gbps;0.35;1.0;0.03
	40.0Gbps;0.35;1.0;0.03
	80.0Gbps;0.35;1.0;0.03
	160.0Gbps;0.35;1.0;0.03
	320.0Gbps;0.35;1.0;0.03
14->2
	10.0Gbps;0.35;1.0;0.03
	20.0Gbps;0.35;1.0;0.03
	40.0Gbps;0.35;1.0;0.03
	80.0Gbps;0.35;1.0;0.03
	160.0Gbps;0.35;1.0;0.03
	320.0Gbps;0.35;1.0;0.03
14->3
	10.0Gbps;0.35;1.0;0.03
	20.0Gbps;0.35;1.0;0.03
	40.0Gbps;0.35;1.0;0.03
	80.0Gbps;0.35;1.0;0.03
	160.0Gbps;0.35;1.0;0.03
	320.0Gbps;0.35;1.0;0.03
14->4
	10.0Gbps;0.35;1.0;0.03
	20.0Gbps;0.35;1.0;0.03
	40.0Gbps;0.35;1.0;0.03
	80.0Gbps;0.35;1.0;0.03
	160.0Gbps;0.35;1.0;0.03
	320.0Gbps;0.35;1.0;0.03
14->5
	10.0Gbps;0.35;1.0;0.03
	20.0Gbps;0.35;1.0;0.03
	40.0Gbps;0.35;1.0;0.03
	80.0Gbps;0.35;1.0;0.03
	160.0Gbps;0.35;1.0;0.03
	320.0Gbps;0.35;1.0;0.03
14->6
	10.0Gbps;0.35;1.0;0.03
	20.0Gbps;0.35;1.0;0.03
	40.0Gbps;0.35;1.0;0.03
	80.0Gbps;0.35;1.0;0.03
	160.0Gbps;0.35;1.0;0.03
	320.0Gbps;0.35;1.0;0.03
14->7
	10.0Gbps;0.35;1.0;0.03
	20.0Gbps;0.35;1.0;0.03
	40.0Gbps;0.35;1.0;0.03
	80.0Gbps;0.35;1.0;0.03
	160.0Gbps;0.35;1.0;0.03
	320.0Gbps;0.35;1.0;0.03
14->8
	10.0Gbps;0.35;1.0;0.03
	20.0Gbps;0.35;1.0;0.03
	40.0Gbps;0.35;1.0;0.03
	80.0Gbps;0.35;1.0;0.03
	160.0Gbps;0.35;1.0;0.03
	320.0Gbps;0.35;1.0;0.03
14->9
	10.0Gbps;0.35;1.0;0.03
	20.0Gbps;0.35;1.0;0.03
	40.0Gbps;0.35;1.0;0.03
	80.0Gbps;0.35;1.0;0.03
	160.0Gbps;0.35;1.0;0.03
	320.0Gbps;0.35;1.0;0.03
14->10
	10.0Gbps;0.35;1.0;0.03
	20.0Gbps;0.35;1.0;0.03
	40.0Gbps;0.35;1.0;0.03
	80.0Gbps;0.35;1.0;0.03
	160.0Gbps;0.35;1.0;0.03
	320.0Gbps;0.35;1.0;0.03
14->11
	10.0Gbps;0.35;1.0;0.03
	20.0Gbps;0.35;1.0;0.03
	40.0Gbps;0.35;1.0;0.03
	80.0Gbps;0.35;1.0;0.03
	160.0Gbps;0.35;1.0;0.03
	320.0Gbps;0.35;1.0;0.03
14->12
	10.0Gbps;0.35;1.0;0.03
	20.0Gbps;0.35;1.0;0.03
	40.0Gbps;0.35;1.0;0.03
	80.0Gbps;0.35;1.0;0.03
	160.0Gbps;0.35;1.0;0.03
	320.0Gbps;0.35;1.0;0.03
14->13
	10.0Gbps;0.35;1.0;0.03
	20.0Gbps;0.35;1.0;0.03
	40.0Gbps;0.35;1.0;0.03
	80.0Gbps;0.35;1.0;0.03
	160.0Gbps;0.35;1.0;0.03
	320.0Gbps;0.35;1.0;0.03
14->15
	10.0Gbps;0.35;1.0;0.03
	20.0Gbps;0.35;1.0;0.03
	40.0Gbps;0.35;1.0;0.03
	80.0Gbps;0.35;1.0;0.03
	160.0Gbps;0.35;1.0;0.03
	320.0Gbps;0.35;1.0;0.03
14->16
	10.0Gbps;0.35;1.0;0.03
	20.0Gbps;0.35;1.0;0.03
	40.0Gbps;0.35;1.0;0.03
	80.0Gbps;0.35;1.0;0.03
	160.0Gbps;0.35;1.0;0.03
	320.0Gbps;0.35;1.0;0.03
14->17
	10.0Gbps;0.35;1.0;0.03
	20.0Gbps;0.35;1.0;0.03
	40.0Gbps;0.35;1.0;0.03
	80.0Gbps;0.35;1.0;0.03
	160.0Gbps;0.35;1.0;0.03
	320.0Gbps;0.35;1.0;0.03
14->18
	10.0Gbps;0.35;1.0;0.03
	20.0Gbps;0.35;1.0;0.03
	40.0Gbps;0.35;1.0;0.03
	80.0Gbps;0.35;1.0;0.03
	160.0Gbps;0.35;1.0;0.03
	320.0Gbps;0.35;1.0;0.03
14->19
	10.0Gbps;0.35;1.0;0.03
	20.0Gbps;0.35;1.0;0.03
	40.0Gbps;0.35;1.0;0.03
	80.0Gbps;0.35;1.0;0.03
	160.0Gbps;0.35;1.0;0.03
	320.0Gbps;0.35;1.0;0.03
14->20
	10.0Gbps;0.35;1.0;0.03
	20.0Gbps;0.35;1.0;0.03
	40.0Gbps;0.35;1.0;0.03
	80.0Gbps;0.35;1.0;0.03
	160.0Gbps;0.35;1.0;0.03
	320.0Gbps;0.35;1.0;0.03
14->21
	10.0Gbps;0.35;1.0;0.03
	20.0Gbps;0.35;1.0;0.03
	40.0Gbps;0.35;1.0;0.03
	80.0Gbps;0.35;1.0;0.03
	160.0Gbps;0.35;1.0;0.03
	320.0Gbps;0.35;1.0;0.03
14->22
	10.0Gbps;0.35;1.0;0.03
	20.0Gbps;0.35;1.0;0.03
	40.0Gbps;0.35;1.0;0.03
	80.0Gbps;0.35;1.0;0.03
	160.0Gbps;0.35;1.0;0.03
	320.0Gbps;0.35;1.0;0.03
14->23
	10.0Gbps;0.35;1.0;0.03
	20.0Gbps;0.35;1.0;0.03
	40.0Gbps;0.35;1.0;0.03
	80.0Gbps;0.35;1.0;0.03
	160.0Gbps;0.35;1.0;0.03
	320.0Gbps;0.35;1.0;0.03
14->24
	10.0Gbps;0.35;1.0;0.03
	20.0Gbps;0.35;1.0;0.03
	40.0Gbps;0.35;1.0;0.03
	80.0Gbps;0.35;1.0;0.03
	160.0Gbps;0.35;1.0;0.03
	320.0Gbps;0.35;1.0;0.03
15->1
	10.0Gbps;0.35;1.0;0.03
	20.0Gbps;0.35;1.0;0.03
	40.0Gbps;0.35;1.0;0.03
	80.0Gbps;0.35;1.0;0.03
	160.0Gbps;0.35;1.0;0.03
	320.0Gbps;0.35;1.0;0.03
15->2
	10.0Gbps;0.35;1.0;0.03
	20.0Gbps;0.35;1.0;0.03
	40.0Gbps;0.35;1.0;0.03
	80.0Gbps;0.35;1.0;0.03
	160.0Gbps;0.35;1.0;0.03
	320.0Gbps;0.35;1.0;0.03
15->3
	10.0Gbps;0.35;1.0;0.03
	20.0Gbps;0.35;1.0;0.03
	40.0Gbps;0.35;1.0;0.03
	80.0Gbps;0.35;1.0;0.03
	160.0Gbps;0.35;1.0;0.03
	320.0Gbps;0.35;1.0;0.03
15->4
	10.0Gbps;0.35;1.0;0.03
	20.0Gbps;0.35;1.0;0.03
	40.0Gbps;0.35;1.0;0.03
	80.0Gbps;0.35;1.0;0.03
	160.0Gbps;0.35;1.0;0.03
	320.0Gbps;0.35;1.0;0.03
15->5
	10.0Gbps;0.35;1.0;0.03
	20.0Gbps;0.35;1.0;0.03
	40.0Gbps;0.35;1.0;0.03
	80.0Gbps;0.35;1.0;0.03
	160.0Gbps;0.35;1.0;0.03
	320.0Gbps;0.35;1.0;0.03
15->6
	10.0Gbps;0.35;1.0;0.03
	20.0Gbps;0.35;1.0;0.03
	40.0Gbps;0.35;1.0;0.03
	80.0Gbps;0.35;1.0;0.03
	160.0Gbps;0.35;1.0;0.03
	320.0Gbps;0.35;1.0;0.03
15->7
	10.0Gbps;0.35;1.0;0.03
	20.0Gbps;0.35;1.0;0.03
	40.0Gbps;0.35;1.0;0.03
	80.0Gbps;0.35;1.0;0.03
	160.0Gbps;0.35;1.0;0.03
	320.0Gbps;0.35;1.0;0.03
15->8
	10.0Gbps;0.35;1.0;0.03
	20.0Gbps;0.35;1.0;0.03
	40.0Gbps;0.35;1.0;0.03
	80.0Gbps;0.35;1.0;0.03
	160.0Gbps;0.35;1.0;0.03
	320.0Gbps;0.35;1.0;0.03
15->9
	10.0Gbps;0.35;1.0;0.03
	20.0Gbps;0.35;1.0;0.03
	40.0Gbps;0.35;1.0;0.03
	80.0Gbps;0.35;1.0;0.03
	160.0Gbps;0.35;1.0;0.03
	320.0Gbps;0.35;1.0;0.03
15->10
	10.0Gbps;0.35;1.0;0.03
	20.0Gbps;0.35;1.0;0.03
	40.0Gbps;0.35;1.0;0.03
	80.0Gbps;0.35;1.0;0.03
	160.0Gbps;0.35;1.0;0.03
	320.0Gbps;0.35;1.0;0.03
15->11
	10.0Gbps;0.35;1.0;0.03
	20.0Gbps;0.35;1.0;0.03
	40.0Gbps;0.35;1.0;0.03
	80.0Gbps;0.35;1.0;0.03
	160.0Gbps;0.35;1.0;0.03
	320.0Gbps;0.35;1.0;0.03
15->12
	10.0Gbps;0.35;1.0;0.03
	20.0Gbps;0.35;1.0;0.03
	40.0Gbps;0.35;1.0;0.03
	80.0Gbps;0.35;1.0;0.03
	160.0Gbps;0.35;1.0;0.03
	320.0Gbps;0.35;1.0;0.03
15->13
	10.0Gbps;0.35;1.0;0.03
	20.0Gbps;0.35;1.0;0.03
	40.0Gbps;0.35;1.0;0.03
	80.0Gbps;0.35;1.0;0.03
	160.0Gbps;0.35;1.0;0.03
	320.0Gbps;0.35;1.0;0.03
15->14
	10.0Gbps;0.35;1.0;0.03
	20.0Gbps;0.35;1.0;0.03
	40.0Gbps;0.35;1.0;0.03
	80.0Gbps;0.35;1.0;0.03
	160.0Gbps;0.35;1.0;0.03
	320.0Gbps;0.35;1.0;0.03
15->16
	10.0Gbps;0.35;1.0;0.03
	20.0Gbps;0.35;1.0;0.03
	40.0Gbps;0.35;1.0;0.03
	80.0Gbps;0.35;1.0;0.03
	160.0Gbps;0.35;1.0;0.03
	320.0Gbps;0.35;1.0;0.03
15->17
	10.0Gbps;0.35;1.0;0.03
	20.0Gbps;0.35;1.0;0.03
	40.0Gbps;0.35;1.0;0.03
	80.0Gbps;0.35;1.0;0.03
	160.0Gbps;0.35;1.0;0.03
	320.0Gbps;0.35;1.0;0.03
15->18
	10.0Gbps;0.35;1.0;0.03
	20.0Gbps;0.35;1.0;0.03
	40.0Gbps;0.35;1.0;0.03
	80.0Gbps;0.35;1.0;0.03
	160.0Gbps;0.35;1.0;0.03
	320.0Gbps;0.35;1.0;0.03
15->19
	10.0Gbps;0.35;1.0;0.03
	20.0Gbps;0.35;1.0;0.03
	40.0Gbps;0.35;1.0;0.03
	80.0Gbps;0.35;1.0;0.03
	160.0Gbps;0.35;1.0;0.03
	320.0Gbps;0.35;1.0;0.03
15->20
	10.0Gbps;0.35;1.0;0.03
	20.0Gbps;0.35;1.0;0.03
	40.0Gbps;0.35;1.0;0.03
	80.0Gbps;0.35;1.0;0.03
	160.0Gbps;0.35;1.0;0.03
	320.0Gbps;0.35;1.0;0.03
15->21
	10.0Gbps;0.35;1.0;0.03
	20.0Gbps;0.35;1.0;0.03
	40.0Gbps;0.35;1.0;0.03
	80.0Gbps;0.35;1.0;0.03
	160.0Gbps;0.35;1.0;0.03
	320.0Gbps;0.35;1.0;0.03
15->22
	10.0Gbps;0.35;1.0;0.03
	20.0Gbps;0.35;1.0;0.03
	40.0Gbps;0.35;1.0;0.03
	80.0Gbps;0.35;1.0;0.03
	160.0Gbps;0.35;1.0;0.03
	320.0Gbps;0.35;1.0;0.03
15->23
	10.0Gbps;0.35;1.0;0.03
	20.0Gbps;0.35;1.0;0.03
	40.0Gbps;0.35;1.0;0.03
	80.0Gbps;0.35;1.0;0.03
	160.0Gbps;0.35;1.0;0.03
	320.0Gbps;0.35;1.0;0.03
15->24
	10.0Gbps;0.35;1.0;0.03
	20.0Gbps;0.35;1.0;0.03
	40.0Gbps;0.35;1.0;0.03
	80.0Gbps;0.35;1.0;0.03
	160.0Gbps;0.35;1.0;0.03
	320.0Gbps;0.35;1.0;0.03
16->1
	10.0Gbps;0.35;1.0;0.03
	20.0Gbps;0.35;1.0;0.03
	40.0Gbps;0.35;1.0;0.03
	80.0Gbps;0.35;1.0;0.03
	160.0Gbps;0.35;1.0;0.03
	320.0Gbps;0.35;1.0;0.03
16->2
	10.0Gbps;0.35;1.0;0.03
	20.0Gbps;0.35;1.0;0.03
	40.0Gbps;0.35;1.0;0.03
	80.0Gbps;0.35;1.0;0.03
	160.0Gbps;0.35;1.0;0.03
	320.0Gbps;0.35;1.0;0.03
16->3
	10.0Gbps;0.35;1.0;0.03
	20.0Gbps;0.35;1.0;0.03
	40.0Gbps;0.35;1.0;0.03
	80.0Gbps;0.35;1.0;0.03
	160.0Gbps;0.35;1.0;0.03
	320.0Gbps;0.35;1.0;0.03
16->4
	10.0Gbps;0.35;1.0;0.03
	20.0Gbps;0.35;1.0;0.03
	40.0Gbps;0.35;1.0;0.03
	80.0Gbps;0.35;1.0;0.03
	160.0Gbps;0.35;1.0;0.03
	320.0Gbps;0.35;1.0;0.03
16->5
	10.0Gbps;0.35;1.0;0.03
	20.0Gbps;0.35;1.0;0.03
	40.0Gbps;0.35;1.0;0.03
	80.0Gbps;0.35;1.0;0.03
	160.0Gbps;0.35;1.0;0.03
	320.0Gbps;0.35;1.0;0.03
16->6
	10.0Gbps;0.35;1.0;0.03
	20.0Gbps;0.35;1.0;0.03
	40.0Gbps;0.35;1.0;0.03
	80.0Gbps;0.35;1.0;0.03
	160.0Gbps;0.35;1.0;0.03
	320.0Gbps;0.35;1.0;0.03
16->7
	10.0Gbps;0.35;1.0;0.03
	20.0Gbps;0.35;1.0;0.03
	40.0Gbps;0.35;1.0;0.03
	80.0Gbps;0.35;1.0;0.03
	160.0Gbps;0.35;1.0;0.03
	320.0Gbps;0.35;1.0;0.03
16->8
	10.0Gbps;0.35;1.0;0.03
	20.0Gbps;0.35;1.0;0.03
	40.0Gbps;0.35;1.0;0.03
	80.0Gbps;0.35;1.0;0.03
	160.0Gbps;0.35;1.0;0.03
	320.0Gbps;0.35;1.0;0.03
16->9
	10.0Gbps;0.35;1.0;0.03
	20.0Gbps;0.35;1.0;0.03
	40.0Gbps;0.35;1.0;0.03
	80.0Gbps;0.35;1.0;0.03
	160.0Gbps;0.35;1.0;0.03
	320.0Gbps;0.35;1.0;0.03
16->10
	10.0Gbps;0.35;1.0;0.03
	20.0Gbps;0.35;1.0;0.03
	40.0Gbps;0.35;1.0;0.03
	80.0Gbps;0.35;1.0;0.03
	160.0Gbps;0.35;1.0;0.03
	320.0Gbps;0.35;1.0;0.03
16->11
	10.0Gbps;0.35;1.0;0.03
	20.0Gbps;0.35;1.0;0.03
	40.0Gbps;0.35;1.0;0.03
	80.0Gbps;0.35;1.0;0.03
	160.0Gbps;0.35;1.0;0.03
	320.0Gbps;0.35;1.0;0.03
16->12
	10.0Gbps;0.35;1.0;0.03
	20.0Gbps;0.35;1.0;0.03
	40.0Gbps;0.35;1.0;0.03
	80.0Gbps;0.35;1.0;0.03
	160.0Gbps;0.35;1.0;0.03
	320.0Gbps;0.35;1.0;0.03
16->13
	10.0Gbps;0.35;1.0;0.03
	20.0Gbps;0.35;1.0;0.03
	40.0Gbps;0.35;1.0;0.03
	80.0Gbps;0.35;1.0;0.03
	160.0Gbps;0.35;1.0;0.03
	320.0Gbps;0.35;1.0;0.03
16->14
	10.0Gbps;0.35;1.0;0.03
	20.0Gbps;0.35;1.0;0.03
	40.0Gbps;0.35;1.0;0.03
	80.0Gbps;0.35;1.0;0.03
	160.0Gbps;0.35;1.0;0.03
	320.0Gbps;0.35;1.0;0.03
16->15
	10.0Gbps;0.35;1.0;0.03
	20.0Gbps;0.35;1.0;0.03
	40.0Gbps;0.35;1.0;0.03
	80.0Gbps;0.35;1.0;0.03
	160.0Gbps;0.35;1.0;0.03
	320.0Gbps;0.35;1.0;0.03
16->17
	10.0Gbps;0.35;1.0;0.03
	20.0Gbps;0.35;1.0;0.03
	40.0Gbps;0.35;1.0;0.03
	80.0Gbps;0.35;1.0;0.03
	160.0Gbps;0.35;1.0;0.03
	320.0Gbps;0.35;1.0;0.03
16->18
	10.0Gbps;0.35;1.0;0.03
	20.0Gbps;0.35;1.0;0.03
	40.0Gbps;0.35;1.0;0.03
	80.0Gbps;0.35;1.0;0.03
	160.0Gbps;0.35;1.0;0.03
	320.0Gbps;0.35;1.0;0.03
16->19
	10.0Gbps;0.35;1.0;0.03
	20.0Gbps;0.35;1.0;0.03
	40.0Gbps;0.35;1.0;0.03
	80.0Gbps;0.35;1.0;0.03
	160.0Gbps;0.35;1.0;0.03
	320.0Gbps;0.35;1.0;0.03
16->20
	10.0Gbps;0.35;1.0;0.03
	20.0Gbps;0.35;1.0;0.03
	40.0Gbps;0.35;1.0;0.03
	80.0Gbps;0.35;1.0;0.03
	160.0Gbps;0.35;1.0;0.03
	320.0Gbps;0.35;1.0;0.03
16->21
	10.0Gbps;0.35;1.0;0.03
	20.0Gbps;0.35;1.0;0.03
	40.0Gbps;0.35;1.0;0.03
	80.0Gbps;0.35;1.0;0.03
	160.0Gbps;0.35;1.0;0.03
	320.0Gbps;0.35;1.0;0.03
16->22
	10.0Gbps;0.35;1.0;0.03
	20.0Gbps;0.35;1.0;0.03
	40.0Gbps;0.35;1.0;0.03
	80.0Gbps;0.35;1.0;0.03
	160.0Gbps;0.35;1.0;0.03
	320.0Gbps;0.35;1.0;0.03
16->23
	10.0Gbps;0.35;1.0;0.03
	20.0Gbps;0.35;1.0;0.03
	40.0Gbps;0.35;1.0;0.03
	80.0Gbps;0.35;1.0;0.03
	160.0Gbps;0.35;1.0;0.03
	320.0Gbps;0.35;1.0;0.03
16->24
	10.0Gbps;0.35;1.0;0.03
	20.0Gbps;0.35;1.0;0.03
	40.0Gbps;0.35;1.0;0.03
	80.0Gbps;0.35;1.0;0.03
	160.0Gbps;0.35;1.0;0.03
	320.0Gbps;0.35;1.0;0.03
17->1
	10.0Gbps;0.35;1.0;0.03
	20.0Gbps;0.35;1.0;0.03
	40.0Gbps;0.35;1.0;0.03
	80.0Gbps;0.35;1.0;0.03
	160.0Gbps;0.35;1.0;0.03
	320.0Gbps;0.35;1.0;0.03
17->2
	10.0Gbps;0.35;1.0;0.03
	20.0Gbps;0.35;1.0;0.03
	40.0Gbps;0.35;1.0;0.03
	80.0Gbps;0.35;1.0;0.03
	160.0Gbps;0.35;1.0;0.03
	320.0Gbps;0.35;1.0;0.03
17->3
	10.0Gbps;0.35;1.0;0.03
	20.0Gbps;0.35;1.0;0.03
	40.0Gbps;0.35;1.0;0.03
	80.0Gbps;0.35;1.0;0.03
	160.0Gbps;0.35;1.0;0.03
	320.0Gbps;0.35;1.0;0.03
17->4
	10.0Gbps;0.35;1.0;0.03
	20.0Gbps;0.35;1.0;0.03
	40.0Gbps;0.35;1.0;0.03
	80.0Gbps;0.35;1.0;0.03
	160.0Gbps;0.35;1.0;0.03
	320.0Gbps;0.35;1.0;0.03
17->5
	10.0Gbps;0.35;1.0;0.03
	20.0Gbps;0.35;1.0;0.03
	40.0Gbps;0.35;1.0;0.03
	80.0Gbps;0.35;1.0;0.03
	160.0Gbps;0.35;1.0;0.03
	320.0Gbps;0.35;1.0;0.03
17->6
	10.0Gbps;0.35;1.0;0.03
	20.0Gbps;0.35;1.0;0.03
	40.0Gbps;0.35;1.0;0.03
	80.0Gbps;0.35;1.0;0.03
	160.0Gbps;0.35;1.0;0.03
	320.0Gbps;0.35;1.0;0.03
17->7
	10.0Gbps;0.35;1.0;0.03
	20.0Gbps;0.35;1.0;0.03
	40.0Gbps;0.35;1.0;0.03
	80.0Gbps;0.35;1.0;0.03
	160.0Gbps;0.35;1.0;0.03
	320.0Gbps;0.35;1.0;0.03
17->8
	10.0Gbps;0.35;1.0;0.03
	20.0Gbps;0.35;1.0;0.03
	40.0Gbps;0.35;1.0;0.03
	80.0Gbps;0.35;1.0;0.03
	160.0Gbps;0.35;1.0;0.03
	320.0Gbps;0.35;1.0;0.03
17->9
	10.0Gbps;0.35;1.0;0.03
	20.0Gbps;0.35;1.0;0.03
	40.0Gbps;0.35;1.0;0.03
	80.0Gbps;0.35;1.0;0.03
	160.0Gbps;0.35;1.0;0.03
	320.0Gbps;0.35;1.0;0.03
17->10
	10.0Gbps;0.35;1.0;0.03
	20.0Gbps;0.35;1.0;0.03
	40.0Gbps;0.35;1.0;0.03
	80.0Gbps;0.35;1.0;0.03
	160.0Gbps;0.35;1.0;0.03
	320.0Gbps;0.35;1.0;0.03
17->11
	10.0Gbps;0.35;1.0;0.03
	20.0Gbps;0.35;1.0;0.03
	40.0Gbps;0.35;1.0;0.03
	80.0Gbps;0.35;1.0;0.03
	160.0Gbps;0.35;1.0;0.03
	320.0Gbps;0.35;1.0;0.03
17->12
	10.0Gbps;0.35;1.0;0.03
	20.0Gbps;0.35;1.0;0.03
	40.0Gbps;0.35;1.0;0.03
	80.0Gbps;0.35;1.0;0.03
	160.0Gbps;0.35;1.0;0.03
	320.0Gbps;0.35;1.0;0.03
17->13
	10.0Gbps;0.35;1.0;0.03
	20.0Gbps;0.35;1.0;0.03
	40.0Gbps;0.35;1.0;0.03
	80.0Gbps;0.35;1.0;0.03
	160.0Gbps;0.35;1.0;0.03
	320.0Gbps;0.35;1.0;0.03
17->14
	10.0Gbps;0.35;1.0;0.03
	20.0Gbps;0.35;1.0;0.03
	40.0Gbps;0.35;1.0;0.03
	80.0Gbps;0.35;1.0;0.03
	160.0Gbps;0.35;1.0;0.03
	320.0Gbps;0.35;1.0;0.03
17->15
	10.0Gbps;0.35;1.0;0.03
	20.0Gbps;0.35;1.0;0.03
	40.0Gbps;0.35;1.0;0.03
	80.0Gbps;0.35;1.0;0.03
	160.0Gbps;0.35;1.0;0.03
	320.0Gbps;0.35;1.0;0.03
17->16
	10.0Gbps;0.35;1.0;0.03
	20.0Gbps;0.35;1.0;0.03
	40.0Gbps;0.35;1.0;0.03
	80.0Gbps;0.35;1.0;0.03
	160.0Gbps;0.35;1.0;0.03
	320.0Gbps;0.35;1.0;0.03
17->18
	10.0Gbps;0.35;1.0;0.03
	20.0Gbps;0.35;1.0;0.03
	40.0Gbps;0.35;1.0;0.03
	80.0Gbps;0.35;1.0;0.03
	160.0Gbps;0.35;1.0;0.03
	320.0Gbps;0.35;1.0;0.03
17->19
	10.0Gbps;0.35;1.0;0.03
	20.0Gbps;0.35;1.0;0.03
	40.0Gbps;0.35;1.0;0.03
	80.0Gbps;0.35;1.0;0.03
	160.0Gbps;0.35;1.0;0.03
	320.0Gbps;0.35;1.0;0.03
17->20
	10.0Gbps;0.35;1.0;0.03
	20.0Gbps;0.35;1.0;0.03
	40.0Gbps;0.35;1.0;0.03
	80.0Gbps;0.35;1.0;0.03
	160.0Gbps;0.35;1.0;0.03
	320.0Gbps;0.35;1.0;0.03
17->21
	10.0Gbps;0.35;1.0;0.03
	20.0Gbps;0.35;1.0;0.03
	40.0Gbps;0.35;1.0;0.03
	80.0Gbps;0.35;1.0;0.03
	160.0Gbps;0.35;1.0;0.03
	320.0Gbps;0.35;1.0;0.03
17->22
	10.0Gbps;0.35;1.0;0.03
	20.0Gbps;0.35;1.0;0.03
	40.0Gbps;0.35;1.0;0.03
	80.0Gbps;0.35;1.0;0.03
	160.0Gbps;0.35;1.0;0.03
	320.0Gbps;0.35;1.0;0.03
17->23
	10.0Gbps;0.35;1.0;0.03
	20.0Gbps;0.35;1.0;0.03
	40.0Gbps;0.35;1.0;0.03
	80.0Gbps;0.35;1.0;0.03
	160.0Gbps;0.35;1.0;0.03
	320.0Gbps;0.35;1.0;0.03
17->24
	10.0Gbps;0.35;1.0;0.03
	20.0Gbps;0.35;1.0;0.03
	40.0Gbps;0.35;1.0;0.03
	80.0Gbps;0.35;1.0;0.03
	160.0Gbps;0.35;1.0;0.03
	320.0Gbps;0.35;1.0;0.03
18->1
	10.0Gbps;0.35;1.0;0.03
	20.0Gbps;0.35;1.0;0.03
	40.0Gbps;0.35;1.0;0.03
	80.0Gbps;0.35;1.0;0.03
	160.0Gbps;0.35;1.0;0.03
	320.0Gbps;0.35;1.0;0.03
18->2
	10.0Gbps;0.35;1.0;0.03
	20.0Gbps;0.35;1.0;0.03
	40.0Gbps;0.35;1.0;0.03
	80.0Gbps;0.35;1.0;0.03
	160.0Gbps;0.35;1.0;0.03
	320.0Gbps;0.35;1.0;0.03
18->3
	10.0Gbps;0.35;1.0;0.03
	20.0Gbps;0.35;1.0;0.03
	40.0Gbps;0.35;1.0;0.03
	80.0Gbps;0.35;1.0;0.03
	160.0Gbps;0.35;1.0;0.03
	320.0Gbps;0.35;1.0;0.03
18->4
	10.0Gbps;0.35;1.0;0.03
	20.0Gbps;0.35;1.0;0.03
	40.0Gbps;0.35;1.0;0.03
	80.0Gbps;0.35;1.0;0.03
	160.0Gbps;0.35;1.0;0.03
	320.0Gbps;0.35;1.0;0.03
18->5
	10.0Gbps;0.35;1.0;0.03
	20.0Gbps;0.35;1.0;0.03
	40.0Gbps;0.35;1.0;0.03
	80.0Gbps;0.35;1.0;0.03
	160.0Gbps;0.35;1.0;0.03
	320.0Gbps;0.35;1.0;0.03
18->6
	10.0Gbps;0.35;1.0;0.03
	20.0Gbps;0.35;1.0;0.03
	40.0Gbps;0.35;1.0;0.03
	80.0Gbps;0.35;1.0;0.03
	160.0Gbps;0.35;1.0;0.03
	320.0Gbps;0.35;1.0;0.03
18->7
	10.0Gbps;0.35;1.0;0.03
	20.0Gbps;0.35;1.0;0.03
	40.0Gbps;0.35;1.0;0.03
	80.0Gbps;0.35;1.0;0.03
	160.0Gbps;0.35;1.0;0.03
	320.0Gbps;0.35;1.0;0.03
18->8
	10.0Gbps;0.35;1.0;0.03
	20.0Gbps;0.35;1.0;0.03
	40.0Gbps;0.35;1.0;0.03
	80.0Gbps;0.35;1.0;0.03
	160.0Gbps;0.35;1.0;0.03
	320.0Gbps;0.35;1.0;0.03
18->9
	10.0Gbps;0.35;1.0;0.03
	20.0Gbps;0.35;1.0;0.03
	40.0Gbps;0.35;1.0;0.03
	80.0Gbps;0.35;1.0;0.03
	160.0Gbps;0.35;1.0;0.03
	320.0Gbps;0.35;1.0;0.03
18->10
	10.0Gbps;0.35;1.0;0.03
	20.0Gbps;0.35;1.0;0.03
	40.0Gbps;0.35;1.0;0.03
	80.0Gbps;0.35;1.0;0.03
	160.0Gbps;0.35;1.0;0.03
	320.0Gbps;0.35;1.0;0.03
18->11
	10.0Gbps;0.35;1.0;0.03
	20.0Gbps;0.35;1.0;0.03
	40.0Gbps;0.35;1.0;0.03
	80.0Gbps;0.35;1.0;0.03
	160.0Gbps;0.35;1.0;0.03
	320.0Gbps;0.35;1.0;0.03
18->12
	10.0Gbps;0.35;1.0;0.03
	20.0Gbps;0.35;1.0;0.03
	40.0Gbps;0.35;1.0;0.03
	80.0Gbps;0.35;1.0;0.03
	160.0Gbps;0.35;1.0;0.03
	320.0Gbps;0.35;1.0;0.03
18->13
	10.0Gbps;0.35;1.0;0.03
	20.0Gbps;0.35;1.0;0.03
	40.0Gbps;0.35;1.0;0.03
	80.0Gbps;0.35;1.0;0.03
	160.0Gbps;0.35;1.0;0.03
	320.0Gbps;0.35;1.0;0.03
18->14
	10.0Gbps;0.35;1.0;0.03
	20.0Gbps;0.35;1.0;0.03
	40.0Gbps;0.35;1.0;0.03
	80.0Gbps;0.35;1.0;0.03
	160.0Gbps;0.35;1.0;0.03
	320.0Gbps;0.35;1.0;0.03
18->15
	10.0Gbps;0.35;1.0;0.03
	20.0Gbps;0.35;1.0;0.03
	40.0Gbps;0.35;1.0;0.03
	80.0Gbps;0.35;1.0;0.03
	160.0Gbps;0.35;1.0;0.03
	320.0Gbps;0.35;1.0;0.03
18->16
	10.0Gbps;0.35;1.0;0.03
	20.0Gbps;0.35;1.0;0.03
	40.0Gbps;0.35;1.0;0.03
	80.0Gbps;0.35;1.0;0.03
	160.0Gbps;0.35;1.0;0.03
	320.0Gbps;0.35;1.0;0.03
18->17
	10.0Gbps;0.35;1.0;0.03
	20.0Gbps;0.35;1.0;0.03
	40.0Gbps;0.35;1.0;0.03
	80.0Gbps;0.35;1.0;0.03
	160.0Gbps;0.35;1.0;0.03
	320.0Gbps;0.35;1.0;0.03
18->19
	10.0Gbps;0.35;1.0;0.03
	20.0Gbps;0.35;1.0;0.03
	40.0Gbps;0.35;1.0;0.03
	80.0Gbps;0.35;1.0;0.03
	160.0Gbps;0.35;1.0;0.03
	320.0Gbps;0.35;1.0;0.03
18->20
	10.0Gbps;0.35;1.0;0.03
	20.0Gbps;0.35;1.0;0.03
	40.0Gbps;0.35;1.0;0.03
	80.0Gbps;0.35;1.0;0.03
	160.0Gbps;0.35;1.0;0.03
	320.0Gbps;0.35;1.0;0.03
18->21
	10.0Gbps;0.35;1.0;0.03
	20.0Gbps;0.35;1.0;0.03
	40.0Gbps;0.35;1.0;0.03
	80.0Gbps;0.35;1.0;0.03
	160.0Gbps;0.35;1.0;0.03
	320.0Gbps;0.35;1.0;0.03
18->22
	10.0Gbps;0.35;1.0;0.03
	20.0Gbps;0.35;1.0;0.03
	40.0Gbps;0.35;1.0;0.03
	80.0Gbps;0.35;1.0;0.03
	160.0Gbps;0.35;1.0;0.03
	320.0Gbps;0.35;1.0;0.03
18->23
	10.0Gbps;0.35;1.0;0.03
	20.0Gbps;0.35;1.0;0.03
	40.0Gbps;0.35;1.0;0.03
	80.0Gbps;0.35;1.0;0.03
	160.0Gbps;0.35;1.0;0.03
	320.0Gbps;0.35;1.0;0.03
18->24
	10.0Gbps;0.35;1.0;0.03
	20.0Gbps;0.35;1.0;0.03
	40.0Gbps;0.35;1.0;0.03
	80.0Gbps;0.35;1.0;0.03
	160.0Gbps;0.35;1.0;0.03
	320.0Gbps;0.35;1.0;0.03
19->1
	10.0Gbps;0.35;1.0;0.03
	20.0Gbps;0.35;1.0;0.03
	40.0Gbps;0.35;1.0;0.03
	80.0Gbps;0.35;1.0;0.03
	160.0Gbps;0.35;1.0;0.03
	320.0Gbps;0.35;1.0;0.03
19->2
	10.0Gbps;0.35;1.0;0.03
	20.0Gbps;0.35;1.0;0.03
	40.0Gbps;0.35;1.0;0.03
	80.0Gbps;0.35;1.0;0.03
	160.0Gbps;0.35;1.0;0.03
	320.0Gbps;0.35;1.0;0.03
19->3
	10.0Gbps;0.35;1.0;0.03
	20.0Gbps;0.35;1.0;0.03
	40.0Gbps;0.35;1.0;0.03
	80.0Gbps;0.35;1.0;0.03
	160.0Gbps;0.35;1.0;0.03
	320.0Gbps;0.35;1.0;0.03
19->4
	10.0Gbps;0.35;1.0;0.03
	20.0Gbps;0.35;1.0;0.03
	40.0Gbps;0.35;1.0;0.03
	80.0Gbps;0.35;1.0;0.03
	160.0Gbps;0.35;1.0;0.03
	320.0Gbps;0.35;1.0;0.03
19->5
	10.0Gbps;0.35;1.0;0.03
	20.0Gbps;0.35;1.0;0.03
	40.0Gbps;0.35;1.0;0.03
	80.0Gbps;0.35;1.0;0.03
	160.0Gbps;0.35;1.0;0.03
	320.0Gbps;0.35;1.0;0.03
19->6
	10.0Gbps;0.35;1.0;0.03
	20.0Gbps;0.35;1.0;0.03
	40.0Gbps;0.35;1.0;0.03
	80.0Gbps;0.35;1.0;0.03
	160.0Gbps;0.35;1.0;0.03
	320.0Gbps;0.35;1.0;0.03
19->7
	10.0Gbps;0.35;1.0;0.03
	20.0Gbps;0.35;1.0;0.03
	40.0Gbps;0.35;1.0;0.03
	80.0Gbps;0.35;1.0;0.03
	160.0Gbps;0.35;1.0;0.03
	320.0Gbps;0.35;1.0;0.03
19->8
	10.0Gbps;0.35;1.0;0.03
	20.0Gbps;0.35;1.0;0.03
	40.0Gbps;0.35;1.0;0.03
	80.0Gbps;0.35;1.0;0.03
	160.0Gbps;0.35;1.0;0.03
	320.0Gbps;0.35;1.0;0.03
19->9
	10.0Gbps;0.35;1.0;0.03
	20.0Gbps;0.35;1.0;0.03
	40.0Gbps;0.35;1.0;0.03
	80.0Gbps;0.35;1.0;0.03
	160.0Gbps;0.35;1.0;0.03
	320.0Gbps;0.35;1.0;0.03
19->10
	10.0Gbps;0.35;1.0;0.03
	20.0Gbps;0.35;1.0;0.03
	40.0Gbps;0.35;1.0;0.03
	80.0Gbps;0.35;1.0;0.03
	160.0Gbps;0.35;1.0;0.03
	320.0Gbps;0.35;1.0;0.03
19->11
	10.0Gbps;0.35;1.0;0.03
	20.0Gbps;0.35;1.0;0.03
	40.0Gbps;0.35;1.0;0.03
	80.0Gbps;0.35;1.0;0.03
	160.0Gbps;0.35;1.0;0.03
	320.0Gbps;0.35;1.0;0.03
19->12
	10.0Gbps;0.35;1.0;0.03
	20.0Gbps;0.35;1.0;0.03
	40.0Gbps;0.35;1.0;0.03
	80.0Gbps;0.35;1.0;0.03
	160.0Gbps;0.35;1.0;0.03
	320.0Gbps;0.35;1.0;0.03
19->13
	10.0Gbps;0.35;1.0;0.03
	20.0Gbps;0.35;1.0;0.03
	40.0Gbps;0.35;1.0;0.03
	80.0Gbps;0.35;1.0;0.03
	160.0Gbps;0.35;1.0;0.03
	320.0Gbps;0.35;1.0;0.03
19->14
	10.0Gbps;0.35;1.0;0.03
	20.0Gbps;0.35;1.0;0.03
	40.0Gbps;0.35;1.0;0.03
	80.0Gbps;0.35;1.0;0.03
	160.0Gbps;0.35;1.0;0.03
	320.0Gbps;0.35;1.0;0.03
19->15
	10.0Gbps;0.35;1.0;0.03
	20.0Gbps;0.35;1.0;0.03
	40.0Gbps;0.35;1.0;0.03
	80.0Gbps;0.35;1.0;0.03
	160.0Gbps;0.35;1.0;0.03
	320.0Gbps;0.35;1.0;0.03
19->16
	10.0Gbps;0.35;1.0;0.03
	20.0Gbps;0.35;1.0;0.03
	40.0Gbps;0.35;1.0;0.03
	80.0Gbps;0.35;1.0;0.03
	160.0Gbps;0.35;1.0;0.03
	320.0Gbps;0.35;1.0;0.03
19->17
	10.0Gbps;0.35;1.0;0.03
	20.0Gbps;0.35;1.0;0.03
	40.0Gbps;0.35;1.0;0.03
	80.0Gbps;0.35;1.0;0.03
	160.0Gbps;0.35;1.0;0.03
	320.0Gbps;0.35;1.0;0.03
19->18
	10.0Gbps;0.35;1.0;0.03
	20.0Gbps;0.35;1.0;0.03
	40.0Gbps;0.35;1.0;0.03
	80.0Gbps;0.35;1.0;0.03
	160.0Gbps;0.35;1.0;0.03
	320.0Gbps;0.35;1.0;0.03
19->20
	10.0Gbps;0.35;1.0;0.03
	20.0Gbps;0.35;1.0;0.03
	40.0Gbps;0.35;1.0;0.03
	80.0Gbps;0.35;1.0;0.03
	160.0Gbps;0.35;1.0;0.03
	320.0Gbps;0.35;1.0;0.03
19->21
	10.0Gbps;0.35;1.0;0.03
	20.0Gbps;0.35;1.0;0.03
	40.0Gbps;0.35;1.0;0.03
	80.0Gbps;0.35;1.0;0.03
	160.0Gbps;0.35;1.0;0.03
	320.0Gbps;0.35;1.0;0.03
19->22
	10.0Gbps;0.35;1.0;0.03
	20.0Gbps;0.35;1.0;0.03
	40.0Gbps;0.35;1.0;0.03
	80.0Gbps;0.35;1.0;0.03
	160.0Gbps;0.35;1.0;0.03
	320.0Gbps;0.35;1.0;0.03
19->23
	10.0Gbps;0.35;1.0;0.03
	20.0Gbps;0.35;1.0;0.03
	40.0Gbps;0.35;1.0;0.03
	80.0Gbps;0.35;1.0;0.03
	160.0Gbps;0.35;1.0;0.03
	320.0Gbps;0.35;1.0;0.03
19->24
	10.0Gbps;0.35;1.0;0.03
	20.0Gbps;0.35;1.0;0.03
	40.0Gbps;0.35;1.0;0.03
	80.0Gbps;0.35;1.0;0.03
	160.0Gbps;0.35;1.0;0.03
	320.0Gbps;0.35;1.0;0.03
20->1
	10.0Gbps;0.35;1.0;0.03
	20.0Gbps;0.35;1.0;0.03
	40.0Gbps;0.35;1.0;0.03
	80.0Gbps;0.35;1.0;0.03
	160.0Gbps;0.35;1.0;0.03
	320.0Gbps;0.35;1.0;0.03
20->2
	10.0Gbps;0.35;1.0;0.03
	20.0Gbps;0.35;1.0;0.03
	40.0Gbps;0.35;1.0;0.03
	80.0Gbps;0.35;1.0;0.03
	160.0Gbps;0.35;1.0;0.03
	320.0Gbps;0.35;1.0;0.03
20->3
	10.0Gbps;0.35;1.0;0.03
	20.0Gbps;0.35;1.0;0.03
	40.0Gbps;0.35;1.0;0.03
	80.0Gbps;0.35;1.0;0.03
	160.0Gbps;0.35;1.0;0.03
	320.0Gbps;0.35;1.0;0.03
20->4
	10.0Gbps;0.35;1.0;0.03
	20.0Gbps;0.35;1.0;0.03
	40.0Gbps;0.35;1.0;0.03
	80.0Gbps;0.35;1.0;0.03
	160.0Gbps;0.35;1.0;0.03
	320.0Gbps;0.35;1.0;0.03
20->5
	10.0Gbps;0.35;1.0;0.03
	20.0Gbps;0.35;1.0;0.03
	40.0Gbps;0.35;1.0;0.03
	80.0Gbps;0.35;1.0;0.03
	160.0Gbps;0.35;1.0;0.03
	320.0Gbps;0.35;1.0;0.03
20->6
	10.0Gbps;0.35;1.0;0.03
	20.0Gbps;0.35;1.0;0.03
	40.0Gbps;0.35;1.0;0.03
	80.0Gbps;0.35;1.0;0.03
	160.0Gbps;0.35;1.0;0.03
	320.0Gbps;0.35;1.0;0.03
20->7
	10.0Gbps;0.35;1.0;0.03
	20.0Gbps;0.35;1.0;0.03
	40.0Gbps;0.35;1.0;0.03
	80.0Gbps;0.35;1.0;0.03
	160.0Gbps;0.35;1.0;0.03
	320.0Gbps;0.35;1.0;0.03
20->8
	10.0Gbps;0.35;1.0;0.03
	20.0Gbps;0.35;1.0;0.03
	40.0Gbps;0.35;1.0;0.03
	80.0Gbps;0.35;1.0;0.03
	160.0Gbps;0.35;1.0;0.03
	320.0Gbps;0.35;1.0;0.03
20->9
	10.0Gbps;0.35;1.0;0.03
	20.0Gbps;0.35;1.0;0.03
	40.0Gbps;0.35;1.0;0.03
	80.0Gbps;0.35;1.0;0.03
	160.0Gbps;0.35;1.0;0.03
	320.0Gbps;0.35;1.0;0.03
20->10
	10.0Gbps;0.35;1.0;0.03
	20.0Gbps;0.35;1.0;0.03
	40.0Gbps;0.35;1.0;0.03
	80.0Gbps;0.35;1.0;0.03
	160.0Gbps;0.35;1.0;0.03
	320.0Gbps;0.35;1.0;0.03
20->11
	10.0Gbps;0.35;1.0;0.03
	20.0Gbps;0.35;1.0;0.03
	40.0Gbps;0.35;1.0;0.03
	80.0Gbps;0.35;1.0;0.03
	160.0Gbps;0.35;1.0;0.03
	320.0Gbps;0.35;1.0;0.03
20->12
	10.0Gbps;0.35;1.0;0.03
	20.0Gbps;0.35;1.0;0.03
	40.0Gbps;0.35;1.0;0.03
	80.0Gbps;0.35;1.0;0.03
	160.0Gbps;0.35;1.0;0.03
	320.0Gbps;0.35;1.0;0.03
20->13
	10.0Gbps;0.35;1.0;0.03
	20.0Gbps;0.35;1.0;0.03
	40.0Gbps;0.35;1.0;0.03
	80.0Gbps;0.35;1.0;0.03
	160.0Gbps;0.35;1.0;0.03
	320.0Gbps;0.35;1.0;0.03
20->14
	10.0Gbps;0.35;1.0;0.03
	20.0Gbps;0.35;1.0;0.03
	40.0Gbps;0.35;1.0;0.03
	80.0Gbps;0.35;1.0;0.03
	160.0Gbps;0.35;1.0;0.03
	320.0Gbps;0.35;1.0;0.03
20->15
	10.0Gbps;0.35;1.0;0.03
	20.0Gbps;0.35;1.0;0.03
	40.0Gbps;0.35;1.0;0.03
	80.0Gbps;0.35;1.0;0.03
	160.0Gbps;0.35;1.0;0.03
	320.0Gbps;0.35;1.0;0.03
20->16
	10.0Gbps;0.35;1.0;0.03
	20.0Gbps;0.35;1.0;0.03
	40.0Gbps;0.35;1.0;0.03
	80.0Gbps;0.35;1.0;0.03
	160.0Gbps;0.35;1.0;0.03
	320.0Gbps;0.35;1.0;0.03
20->17
	10.0Gbps;0.35;1.0;0.03
	20.0Gbps;0.35;1.0;0.03
	40.0Gbps;0.35;1.0;0.03
	80.0Gbps;0.35;1.0;0.03
	160.0Gbps;0.35;1.0;0.03
	320.0Gbps;0.35;1.0;0.03
20->18
	10.0Gbps;0.35;1.0;0.03
	20.0Gbps;0.35;1.0;0.03
	40.0Gbps;0.35;1.0;0.03
	80.0Gbps;0.35;1.0;0.03
	160.0Gbps;0.35;1.0;0.03
	320.0Gbps;0.35;1.0;0.03
20->19
	10.0Gbps;0.35;1.0;0.03
	20.0Gbps;0.35;1.0;0.03
	40.0Gbps;0.35;1.0;0.03
	80.0Gbps;0.35;1.0;0.03
	160.0Gbps;0.35;1.0;0.03
	320.0Gbps;0.35;1.0;0.03
20->21
	10.0Gbps;0.35;1.0;0.03
	20.0Gbps;0.35;1.0;0.03
	40.0Gbps;0.35;1.0;0.03
	80.0Gbps;0.35;1.0;0.03
	160.0Gbps;0.35;1.0;0.03
	320.0Gbps;0.35;1.0;0.03
20->22
	10.0Gbps;0.35;1.0;0.03
	20.0Gbps;0.35;1.0;0.03
	40.0Gbps;0.35;1.0;0.03
	80.0Gbps;0.35;1.0;0.03
	160.0Gbps;0.35;1.0;0.03
	320.0Gbps;0.35;1.0;0.03
20->23
	10.0Gbps;0.35;1.0;0.03
	20.0Gbps;0.35;1.0;0.03
	40.0Gbps;0.35;1.0;0.03
	80.0Gbps;0.35;1.0;0.03
	160.0Gbps;0.35;1.0;0.03
	320.0Gbps;0.35;1.0;0.03
20->24
	10.0Gbps;0.35;1.0;0.03
	20.0Gbps;0.35;1.0;0.03
	40.0Gbps;0.35;1.0;0.03
	80.0Gbps;0.35;1.0;0.03
	160.0Gbps;0.35;1.0;0.03
	320.0Gbps;0.35;1.0;0.03
21->1
	10.0Gbps;0.35;1.0;0.03
	20.0Gbps;0.35;1.0;0.03
	40.0Gbps;0.35;1.0;0.03
	80.0Gbps;0.35;1.0;0.03
	160.0Gbps;0.35;1.0;0.03
	320.0Gbps;0.35;1.0;0.03
21->2
	10.0Gbps;0.35;1.0;0.03
	20.0Gbps;0.35;1.0;0.03
	40.0Gbps;0.35;1.0;0.03
	80.0Gbps;0.35;1.0;0.03
	160.0Gbps;0.35;1.0;0.03
	320.0Gbps;0.35;1.0;0.03
21->3
	10.0Gbps;0.35;1.0;0.03
	20.0Gbps;0.35;1.0;0.03
	40.0Gbps;0.35;1.0;0.03
	80.0Gbps;0.35;1.0;0.03
	160.0Gbps;0.35;1.0;0.03
	320.0Gbps;0.35;1.0;0.03
21->4
	10.0Gbps;0.35;1.0;0.03
	20.0Gbps;0.35;1.0;0.03
	40.0Gbps;0.35;1.0;0.03
	80.0Gbps;0.35;1.0;0.03
	160.0Gbps;0.35;1.0;0.03
	320.0Gbps;0.35;1.0;0.03
21->5
	10.0Gbps;0.35;1.0;0.03
	20.0Gbps;0.35;1.0;0.03
	40.0Gbps;0.35;1.0;0.03
	80.0Gbps;0.35;1.0;0.03
	160.0Gbps;0.35;1.0;0.03
	320.0Gbps;0.35;1.0;0.03
21->6
	10.0Gbps;0.35;1.0;0.03
	20.0Gbps;0.35;1.0;0.03
	40.0Gbps;0.35;1.0;0.03
	80.0Gbps;0.35;1.0;0.03
	160.0Gbps;0.35;1.0;0.03
	320.0Gbps;0.35;1.0;0.03
21->7
	10.0Gbps;0.35;1.0;0.03
	20.0Gbps;0.35;1.0;0.03
	40.0Gbps;0.35;1.0;0.03
	80.0Gbps;0.35;1.0;0.03
	160.0Gbps;0.35;1.0;0.03
	320.0Gbps;0.35;1.0;0.03
21->8
	10.0Gbps;0.35;1.0;0.03
	20.0Gbps;0.35;1.0;0.03
	40.0Gbps;0.35;1.0;0.03
	80.0Gbps;0.35;1.0;0.03
	160.0Gbps;0.35;1.0;0.03
	320.0Gbps;0.35;1.0;0.03
21->9
	10.0Gbps;0.35;1.0;0.03
	20.0Gbps;0.35;1.0;0.03
	40.0Gbps;0.35;1.0;0.03
	80.0Gbps;0.35;1.0;0.03
	160.0Gbps;0.35;1.0;0.03
	320.0Gbps;0.35;1.0;0.03
21->10
	10.0Gbps;0.35;1.0;0.03
	20.0Gbps;0.35;1.0;0.03
	40.0Gbps;0.35;1.0;0.03
	80.0Gbps;0.35;1.0;0.03
	160.0Gbps;0.35;1.0;0.03
	320.0Gbps;0.35;1.0;0.03
21->11
	10.0Gbps;0.35;1.0;0.03
	20.0Gbps;0.35;1.0;0.03
	40.0Gbps;0.35;1.0;0.03
	80.0Gbps;0.35;1.0;0.03
	160.0Gbps;0.35;1.0;0.03
	320.0Gbps;0.35;1.0;0.03
21->12
	10.0Gbps;0.35;1.0;0.03
	20.0Gbps;0.35;1.0;0.03
	40.0Gbps;0.35;1.0;0.03
	80.0Gbps;0.35;1.0;0.03
	160.0Gbps;0.35;1.0;0.03
	320.0Gbps;0.35;1.0;0.03
21->13
	10.0Gbps;0.35;1.0;0.03
	20.0Gbps;0.35;1.0;0.03
	40.0Gbps;0.35;1.0;0.03
	80.0Gbps;0.35;1.0;0.03
	160.0Gbps;0.35;1.0;0.03
	320.0Gbps;0.35;1.0;0.03
21->14
	10.0Gbps;0.35;1.0;0.03
	20.0Gbps;0.35;1.0;0.03
	40.0Gbps;0.35;1.0;0.03
	80.0Gbps;0.35;1.0;0.03
	160.0Gbps;0.35;1.0;0.03
	320.0Gbps;0.35;1.0;0.03
21->15
	10.0Gbps;0.35;1.0;0.03
	20.0Gbps;0.35;1.0;0.03
	40.0Gbps;0.35;1.0;0.03
	80.0Gbps;0.35;1.0;0.03
	160.0Gbps;0.35;1.0;0.03
	320.0Gbps;0.35;1.0;0.03
21->16
	10.0Gbps;0.35;1.0;0.03
	20.0Gbps;0.35;1.0;0.03
	40.0Gbps;0.35;1.0;0.03
	80.0Gbps;0.35;1.0;0.03
	160.0Gbps;0.35;1.0;0.03
	320.0Gbps;0.35;1.0;0.03
21->17
	10.0Gbps;0.35;1.0;0.03
	20.0Gbps;0.35;1.0;0.03
	40.0Gbps;0.35;1.0;0.03
	80.0Gbps;0.35;1.0;0.03
	160.0Gbps;0.35;1.0;0.03
	320.0Gbps;0.35;1.0;0.03
21->18
	10.0Gbps;0.35;1.0;0.03
	20.0Gbps;0.35;1.0;0.03
	40.0Gbps;0.35;1.0;0.03
	80.0Gbps;0.35;1.0;0.03
	160.0Gbps;0.35;1.0;0.03
	320.0Gbps;0.35;1.0;0.03
21->19
	10.0Gbps;0.35;1.0;0.03
	20.0Gbps;0.35;1.0;0.03
	40.0Gbps;0.35;1.0;0.03
	80.0Gbps;0.35;1.0;0.03
	160.0Gbps;0.35;1.0;0.03
	320.0Gbps;0.35;1.0;0.03
21->20
	10.0Gbps;0.35;1.0;0.03
	20.0Gbps;0.35;1.0;0.03
	40.0Gbps;0.35;1.0;0.03
	80.0Gbps;0.35;1.0;0.03
	160.0Gbps;0.35;1.0;0.03
	320.0Gbps;0.35;1.0;0.03
21->22
	10.0Gbps;0.35;1.0;0.03
	20.0Gbps;0.35;1.0;0.03
	40.0Gbps;0.35;1.0;0.03
	80.0Gbps;0.35;1.0;0.03
	160.0Gbps;0.35;1.0;0.03
	320.0Gbps;0.35;1.0;0.03
21->23
	10.0Gbps;0.35;1.0;0.03
	20.0Gbps;0.35;1.0;0.03
	40.0Gbps;0.35;1.0;0.03
	80.0Gbps;0.35;1.0;0.03
	160.0Gbps;0.35;1.0;0.03
	320.0Gbps;0.35;1.0;0.03
21->24
	10.0Gbps;0.35;1.0;0.03
	20.0Gbps;0.35;1.0;0.03
	40.0Gbps;0.35;1.0;0.03
	80.0Gbps;0.35;1.0;0.03
	160.0Gbps;0.35;1.0;0.03
	320.0Gbps;0.35;1.0;0.03
22->1
	10.0Gbps;0.35;1.0;0.03
	20.0Gbps;0.35;1.0;0.03
	40.0Gbps;0.35;1.0;0.03
	80.0Gbps;0.35;1.0;0.03
	160.0Gbps;0.35;1.0;0.03
	320.0Gbps;0.35;1.0;0.03
22->2
	10.0Gbps;0.35;1.0;0.03
	20.0Gbps;0.35;1.0;0.03
	40.0Gbps;0.35;1.0;0.03
	80.0Gbps;0.35;1.0;0.03
	160.0Gbps;0.35;1.0;0.03
	320.0Gbps;0.35;1.0;0.03
22->3
	10.0Gbps;0.35;1.0;0.03
	20.0Gbps;0.35;1.0;0.03
	40.0Gbps;0.35;1.0;0.03
	80.0Gbps;0.35;1.0;0.03
	160.0Gbps;0.35;1.0;0.03
	320.0Gbps;0.35;1.0;0.03
22->4
	10.0Gbps;0.35;1.0;0.03
	20.0Gbps;0.35;1.0;0.03
	40.0Gbps;0.35;1.0;0.03
	80.0Gbps;0.35;1.0;0.03
	160.0Gbps;0.35;1.0;0.03
	320.0Gbps;0.35;1.0;0.03
22->5
	10.0Gbps;0.35;1.0;0.03
	20.0Gbps;0.35;1.0;0.03
	40.0Gbps;0.35;1.0;0.03
	80.0Gbps;0.35;1.0;0.03
	160.0Gbps;0.35;1.0;0.03
	320.0Gbps;0.35;1.0;0.03
22->6
	10.0Gbps;0.35;1.0;0.03
	20.0Gbps;0.35;1.0;0.03
	40.0Gbps;0.35;1.0;0.03
	80.0Gbps;0.35;1.0;0.03
	160.0Gbps;0.35;1.0;0.03
	320.0Gbps;0.35;1.0;0.03
22->7
	10.0Gbps;0.35;1.0;0.03
	20.0Gbps;0.35;1.0;0.03
	40.0Gbps;0.35;1.0;0.03
	80.0Gbps;0.35;1.0;0.03
	160.0Gbps;0.35;1.0;0.03
	320.0Gbps;0.35;1.0;0.03
22->8
	10.0Gbps;0.35;1.0;0.03
	20.0Gbps;0.35;1.0;0.03
	40.0Gbps;0.35;1.0;0.03
	80.0Gbps;0.35;1.0;0.03
	160.0Gbps;0.35;1.0;0.03
	320.0Gbps;0.35;1.0;0.03
22->9
	10.0Gbps;0.35;1.0;0.03
	20.0Gbps;0.35;1.0;0.03
	40.0Gbps;0.35;1.0;0.03
	80.0Gbps;0.35;1.0;0.03
	160.0Gbps;0.35;1.0;0.03
	320.0Gbps;0.35;1.0;0.03
22->10
	10.0Gbps;0.35;1.0;0.03
	20.0Gbps;0.35;1.0;0.03
	40.0Gbps;0.35;1.0;0.03
	80.0Gbps;0.35;1.0;0.03
	160.0Gbps;0.35;1.0;0.03
	320.0Gbps;0.35;1.0;0.03
22->11
	10.0Gbps;0.35;1.0;0.03
	20.0Gbps;0.35;1.0;0.03
	40.0Gbps;0.35;1.0;0.03
	80.0Gbps;0.35;1.0;0.03
	160.0Gbps;0.35;1.0;0.03
	320.0Gbps;0.35;1.0;0.03
22->12
	10.0Gbps;0.35;1.0;0.03
	20.0Gbps;0.35;1.0;0.03
	40.0Gbps;0.35;1.0;0.03
	80.0Gbps;0.35;1.0;0.03
	160.0Gbps;0.35;1.0;0.03
	320.0Gbps;0.35;1.0;0.03
22->13
	10.0Gbps;0.35;1.0;0.03
	20.0Gbps;0.35;1.0;0.03
	40.0Gbps;0.35;1.0;0.03
	80.0Gbps;0.35;1.0;0.03
	160.0Gbps;0.35;1.0;0.03
	320.0Gbps;0.35;1.0;0.03
22->14
	10.0Gbps;0.35;1.0;0.03
	20.0Gbps;0.35;1.0;0.03
	40.0Gbps;0.35;1.0;0.03
	80.0Gbps;0.35;1.0;0.03
	160.0Gbps;0.35;1.0;0.03
	320.0Gbps;0.35;1.0;0.03
22->15
	10.0Gbps;0.35;1.0;0.03
	20.0Gbps;0.35;1.0;0.03
	40.0Gbps;0.35;1.0;0.03
	80.0Gbps;0.35;1.0;0.03
	160.0Gbps;0.35;1.0;0.03
	320.0Gbps;0.35;1.0;0.03
22->16
	10.0Gbps;0.35;1.0;0.03
	20.0Gbps;0.35;1.0;0.03
	40.0Gbps;0.35;1.0;0.03
	80.0Gbps;0.35;1.0;0.03
	160.0Gbps;0.35;1.0;0.03
	320.0Gbps;0.35;1.0;0.03
22->17
	10.0Gbps;0.35;1.0;0.03
	20.0Gbps;0.35;1.0;0.03
	40.0Gbps;0.35;1.0;0.03
	80.0Gbps;0.35;1.0;0.03
	160.0Gbps;0.35;1.0;0.03
	320.0Gbps;0.35;1.0;0.03
22->18
	10.0Gbps;0.35;1.0;0.03
	20.0Gbps;0.35;1.0;0.03
	40.0Gbps;0.35;1.0;0.03
	80.0Gbps;0.35;1.0;0.03
	160.0Gbps;0.35;1.0;0.03
	320.0Gbps;0.35;1.0;0.03
22->19
	10.0Gbps;0.35;1.0;0.03
	20.0Gbps;0.35;1.0;0.03
	40.0Gbps;0.35;1.0;0.03
	80.0Gbps;0.35;1.0;0.03
	160.0Gbps;0.35;1.0;0.03
	320.0Gbps;0.35;1.0;0.03
22->20
	10.0Gbps;0.35;1.0;0.03
	20.0Gbps;0.35;1.0;0.03
	40.0Gbps;0.35;1.0;0.03
	80.0Gbps;0.35;1.0;0.03
	160.0Gbps;0.35;1.0;0.03
	320.0Gbps;0.35;1.0;0.03
22->21
	10.0Gbps;0.35;1.0;0.03
	20.0Gbps;0.35;1.0;0.03
	40.0Gbps;0.35;1.0;0.03
	80.0Gbps;0.35;1.0;0.03
	160.0Gbps;0.35;1.0;0.03
	320.0Gbps;0.35;1.0;0.03
22->23
	10.0Gbps;0.35;1.0;0.03
	20.0Gbps;0.35;1.0;0.03
	40.0Gbps;0.35;1.0;0.03
	80.0Gbps;0.35;1.0;0.03
	160.0Gbps;0.35;1.0;0.03
	320.0Gbps;0.35;1.0;0.03
22->24
	10.0Gbps;0.35;1.0;0.03
	20.0Gbps;0.35;1.0;0.03
	40.0Gbps;0.35;1.0;0.03
	80.0Gbps;0.35;1.0;0.03
	160.0Gbps;0.35;1.0;0.03
	320.0Gbps;0.35;1.0;0.03
23->1
	10.0Gbps;0.35;1.0;0.03
	20.0Gbps;0.35;1.0;0.03
	40.0Gbps;0.35;1.0;0.03
	80.0Gbps;0.35;1.0;0.03
	160.0Gbps;0.35;1.0;0.03
	320.0Gbps;0.35;1.0;0.03
23->2
	10.0Gbps;0.35;1.0;0.03
	20.0Gbps;0.35;1.0;0.03
	40.0Gbps;0.35;1.0;0.03
	80.0Gbps;0.35;1.0;0.03
	160.0Gbps;0.35;1.0;0.03
	320.0Gbps;0.35;1.0;0.03
23->3
	10.0Gbps;0.35;1.0;0.03
	20.0Gbps;0.35;1.0;0.03
	40.0Gbps;0.35;1.0;0.03
	80.0Gbps;0.35;1.0;0.03
	160.0Gbps;0.35;1.0;0.03
	320.0Gbps;0.35;1.0;0.03
23->4
	10.0Gbps;0.35;1.0;0.03
	20.0Gbps;0.35;1.0;0.03
	40.0Gbps;0.35;1.0;0.03
	80.0Gbps;0.35;1.0;0.03
	160.0Gbps;0.35;1.0;0.03
	320.0Gbps;0.35;1.0;0.03
23->5
	10.0Gbps;0.35;1.0;0.03
	20.0Gbps;0.35;1.0;0.03
	40.0Gbps;0.35;1.0;0.03
	80.0Gbps;0.35;1.0;0.03
	160.0Gbps;0.35;1.0;0.03
	320.0Gbps;0.35;1.0;0.03
23->6
	10.0Gbps;0.35;1.0;0.03
	20.0Gbps;0.35;1.0;0.03
	40.0Gbps;0.35;1.0;0.03
	80.0Gbps;0.35;1.0;0.03
	160.0Gbps;0.35;1.0;0.03
	320.0Gbps;0.35;1.0;0.03
23->7
	10.0Gbps;0.35;1.0;0.03
	20.0Gbps;0.35;1.0;0.03
	40.0Gbps;0.35;1.0;0.03
	80.0Gbps;0.35;1.0;0.03
	160.0Gbps;0.35;1.0;0.03
	320.0Gbps;0.35;1.0;0.03
23->8
	10.0Gbps;0.35;1.0;0.03
	20.0Gbps;0.35;1.0;0.03
	40.0Gbps;0.35;1.0;0.03
	80.0Gbps;0.35;1.0;0.03
	160.0Gbps;0.35;1.0;0.03
	320.0Gbps;0.35;1.0;0.03
23->9
	10.0Gbps;0.35;1.0;0.03
	20.0Gbps;0.35;1.0;0.03
	40.0Gbps;0.35;1.0;0.03
	80.0Gbps;0.35;1.0;0.03
	160.0Gbps;0.35;1.0;0.03
	320.0Gbps;0.35;1.0;0.03
23->10
	10.0Gbps;0.35;1.0;0.03
	20.0Gbps;0.35;1.0;0.03
	40.0Gbps;0.35;1.0;0.03
	80.0Gbps;0.35;1.0;0.03
	160.0Gbps;0.35;1.0;0.03
	320.0Gbps;0.35;1.0;0.03
23->11
	10.0Gbps;0.35;1.0;0.03
	20.0Gbps;0.35;1.0;0.03
	40.0Gbps;0.35;1.0;0.03
	80.0Gbps;0.35;1.0;0.03
	160.0Gbps;0.35;1.0;0.03
	320.0Gbps;0.35;1.0;0.03
23->12
	10.0Gbps;0.35;1.0;0.03
	20.0Gbps;0.35;1.0;0.03
	40.0Gbps;0.35;1.0;0.03
	80.0Gbps;0.35;1.0;0.03
	160.0Gbps;0.35;1.0;0.03
	320.0Gbps;0.35;1.0;0.03
23->13
	10.0Gbps;0.35;1.0;0.03
	20.0Gbps;0.35;1.0;0.03
	40.0Gbps;0.35;1.0;0.03
	80.0Gbps;0.35;1.0;0.03
	160.0Gbps;0.35;1.0;0.03
	320.0Gbps;0.35;1.0;0.03
23->14
	10.0Gbps;0.35;1.0;0.03
	20.0Gbps;0.35;1.0;0.03
	40.0Gbps;0.35;1.0;0.03
	80.0Gbps;0.35;1.0;0.03
	160.0Gbps;0.35;1.0;0.03
	320.0Gbps;0.35;1.0;0.03
23->15
	10.0Gbps;0.35;1.0;0.03
	20.0Gbps;0.35;1.0;0.03
	40.0Gbps;0.35;1.0;0.03
	80.0Gbps;0.35;1.0;0.03
	160.0Gbps;0.35;1.0;0.03
	320.0Gbps;0.35;1.0;0.03
23->16
	10.0Gbps;0.35;1.0;0.03
	20.0Gbps;0.35;1.0;0.03
	40.0Gbps;0.35;1.0;0.03
	80.0Gbps;0.35;1.0;0.03
	160.0Gbps;0.35;1.0;0.03
	320.0Gbps;0.35;1.0;0.03
23->17
	10.0Gbps;0.35;1.0;0.03
	20.0Gbps;0.35;1.0;0.03
	40.0Gbps;0.35;1.0;0.03
	80.0Gbps;0.35;1.0;0.03
	160.0Gbps;0.35;1.0;0.03
	320.0Gbps;0.35;1.0;0.03
23->18
	10.0Gbps;0.35;1.0;0.03
	20.0Gbps;0.35;1.0;0.03
	40.0Gbps;0.35;1.0;0.03
	80.0Gbps;0.35;1.0;0.03
	160.0Gbps;0.35;1.0;0.03
	320.0Gbps;0.35;1.0;0.03
23->19
	10.0Gbps;0.35;1.0;0.03
	20.0Gbps;0.35;1.0;0.03
	40.0Gbps;0.35;1.0;0.03
	80.0Gbps;0.35;1.0;0.03
	160.0Gbps;0.35;1.0;0.03
	320.0Gbps;0.35;1.0;0.03
23->20
	10.0Gbps;0.35;1.0;0.03
	20.0Gbps;0.35;1.0;0.03
	40.0Gbps;0.35;1.0;0.03
	80.0Gbps;0.35;1.0;0.03
	160.0Gbps;0.35;1.0;0.03
	320.0Gbps;0.35;1.0;0.03
23->21
	10.0Gbps;0.35;1.0;0.03
	20.0Gbps;0.35;1.0;0.03
	40.0Gbps;0.35;1.0;0.03
	80.0Gbps;0.35;1.0;0.03
	160.0Gbps;0.35;1.0;0.03
	320.0Gbps;0.35;1.0;0.03
23->22
	10.0Gbps;0.35;1.0;0.03
	20.0Gbps;0.35;1.0;0.03
	40.0Gbps;0.35;1.0;0.03
	80.0Gbps;0.35;1.0;0.03
	160.0Gbps;0.35;1.0;0.03
	320.0Gbps;0.35;1.0;0.03
23->24
	10.0Gbps;0.35;1.0;0.03
	20.0Gbps;0.35;1.0;0.03
	40.0Gbps;0.35;1.0;0.03
	80.0Gbps;0.35;1.0;0.03
	160.0Gbps;0.35;1.0;0.03
	320.0Gbps;0.35;1.0;0.03
24->1
	10.0Gbps;0.35;1.0;0.03
	20.0Gbps;0.35;1.0;0.03
	40.0Gbps;0.35;1.0;0.03
	80.0Gbps;0.35;1.0;0.03
	160.0Gbps;0.35;1.0;0.03
	320.0Gbps;0.35;1.0;0.03
24->2
	10.0Gbps;0.35;1.0;0.03
	20.0Gbps;0.35;1.0;0.03
	40.0Gbps;0.35;1.0;0.03
	80.0Gbps;0.35;1.0;0.03
	160.0Gbps;0.35;1.0;0.03
	320.0Gbps;0.35;1.0;0.03
24->3
	10.0Gbps;0.35;1.0;0.03
	20.0Gbps;0.35;1.0;0.03
	40.0Gbps;0.35;1.0;0.03
	80.0Gbps;0.35;1.0;0.03
	160.0Gbps;0.35;1.0;0.03
	320.0Gbps;0.35;1.0;0.03
24->4
	10.0Gbps;0.35;1.0;0.03
	20.0Gbps;0.35;1.0;0.03
	40.0Gbps;0.35;1.0;0.03
	80.0Gbps;0.35;1.0;0.03
	160.0Gbps;0.35;1.0;0.03
	320.0Gbps;0.35;1.0;0.03
24->5
	10.0Gbps;0.35;1.0;0.03
	20.0Gbps;0.35;1.0;0.03
	40.0Gbps;0.35;1.0;0.03
	80.0Gbps;0.35;1.0;0.03
	160.0Gbps;0.35;1.0;0.03
	320.0Gbps;0.35;1.0;0.03
24->6
	10.0Gbps;0.35;1.0;0.03
	20.0Gbps;0.35;1.0;0.03
	40.0Gbps;0.35;1.0;0.03
	80.0Gbps;0.35;1.0;0.03
	160.0Gbps;0.35;1.0;0.03
	320.0Gbps;0.35;1.0;0.03
24->7
	10.0Gbps;0.35;1.0;0.03
	20.0Gbps;0.35;1.0;0.03
	40.0Gbps;0.35;1.0;0.03
	80.0Gbps;0.35;1.0;0.03
	160.0Gbps;0.35;1.0;0.03
	320.0Gbps;0.35;1.0;0.03
24->8
	10.0Gbps;0.35;1.0;0.03
	20.0Gbps;0.35;1.0;0.03
	40.0Gbps;0.35;1.0;0.03
	80.0Gbps;0.35;1.0;0.03
	160.0Gbps;0.35;1.0;0.03
	320.0Gbps;0.35;1.0;0.03
24->9
	10.0Gbps;0.35;1.0;0.03
	20.0Gbps;0.35;1.0;0.03
	40.0Gbps;0.35;1.0;0.03
	80.0Gbps;0.35;1.0;0.03
	160.0Gbps;0.35;1.0;0.03
	320.0Gbps;0.35;1.0;0.03
24->10
	10.0Gbps;0.35;1.0;0.03
	20.0Gbps;0.35;1.0;0.03
	40.0Gbps;0.35;1.0;0.03
	80.0Gbps;0.35;1.0;0.03
	160.0Gbps;0.35;1.0;0.03
	320.0Gbps;0.35;1.0;0.03
24->11
	10.0Gbps;0.35;1.0;0.03
	20.0Gbps;0.35;1.0;0.03
	40.0Gbps;0.35;1.0;0.03
	80.0Gbps;0.35;1.0;0.03
	160.0Gbps;0.35;1.0;0.03
	320.0Gbps;0.35;1.0;0.03
24->12
	10.0Gbps;0.35;1.0;0.03
	20.0Gbps;0.35;1.0;0.03
	40.0Gbps;0.35;1.0;0.03
	80.0Gbps;0.35;1.0;0.03
	160.0Gbps;0.35;1.0;0.03
	320.0Gbps;0.35;1.0;0.03
24->13
	10.0Gbps;0.35;1.0;0.03
	20.0Gbps;0.35;1.0;0.03
	40.0Gbps;0.35;1.0;0.03
	80.0Gbps;0.35;1.0;0.03
	160.0Gbps;0.35;1.0;0.03
	320.0Gbps;0.35;1.0;0.03
24->14
	10.0Gbps;0.35;1.0;0.03
	20.0Gbps;0.35;1.0;0.03
	40.0Gbps;0.35;1.0;0.03
	80.0Gbps;0.35;1.0;0.03
	160.0Gbps;0.35;1.0;0.03
	320.0Gbps;0.35;1.0;0.03
24->15
	10.0Gbps;0.35;1.0;0.03
	20.0Gbps;0.35;1.0;0.03
	40.0Gbps;0.35;1.0;0.03
	80.0Gbps;0.35;1.0;0.03
	160.0Gbps;0.35;1.0;0.03
	320.0Gbps;0.35;1.0;0.03
24->16
	10.0Gbps;0.35;1.0;0.03
	20.0Gbps;0.35;1.0;0.03
	40.0Gbps;0.35;1.0;0.03
	80.0Gbps;0.35;1.0;0.03
	160.0Gbps;0.35;1.0;0.03
	320.0Gbps;0.35;1.0;0.03
24->17
	10.0Gbps;0.35;1.0;0.03
	20.0Gbps;0.35;1.0;0.03
	40.0Gbps;0.35;1.0;0.03
	80.0Gbps;0.35;1.0;0.03
	160.0Gbps;0.35;1.0;0.03
	320.0Gbps;0.35;1.0;0.03
24->18
	10.0Gbps;0.35;1.0;0.03
	20.0Gbps;0.35;1.0;0.03
	40.0Gbps;0.35;1.0;0.03
	80.0Gbps;0.35;1.0;0.03
	160.0Gbps;0.35;1.0;0.03
	320.0Gbps;0.35;1.0;0.03
24->19
	10.0Gbps;0.35;1.0;0.03
	20.0Gbps;0.35;1.0;0.03
	40.0Gbps;0.35;1.0;0.03
	80.0Gbps;0.35;1.0;0.03
	160.0Gbps;0.35;1.0;0.03
	320.0Gbps;0.35;1.0;0.03
24->20
	10.0Gbps;0.35;1.0;0.03
	20.0Gbps;0.35;1.0;0.03
	40.0Gbps;0.35;1.0;0.03
	80.0Gbps;0.35;1.0;0.03
	160.0Gbps;0.35;1.0;0.03
	320.0Gbps;0.35;1.0;0.03
24->21
	10.0Gbps;0.35;1.0;0.03
	20.0Gbps;0.35;1.0;0.03
	40.0Gbps;0.35;1.0;0.03
	80.0Gbps;0.35;1.0;0.03
	160.0Gbps;0.35;1.0;0.03
	320.0Gbps;0.35;1.0;0.03
24->22
	10.0Gbps;0.35;1.0;0.03
	20.0Gbps;0.35;1.0;0.03
	40.0Gbps;0.35;1.0;0.03
	80.0Gbps;0.35;1.0;0.03
	160.0Gbps;0.35;1.0;0.03
	320.0Gbps;0.35;1.0;0.03
24->23
	10.0Gbps;0.35;1.0;0.03
	20.0Gbps;0.35;1.0;0.03
	40.0Gbps;0.35;1.0;0.03
	80.0Gbps;0.35;1.0;0.03
	160.0Gbps;0.35;1.0;0.03
	320.0Gbps;0.35;1.0;0.03
